19861030     0.03571
19861031     0.02874
19861103    -0.02235
19861104     0.01714
19861105    -0.00562
19861106     0.00565
19861107    -0.01124
19861110    -0.01705
19861111     0.01734
19861112     0.00000
19861113    -0.01136
19861114    -0.01149
19861117    -0.01163
19861118    -0.02941
19861119     0.00000
19861120     0.00000
19861121     0.01212
19861124     0.00599
19861125     0.00881
19861126    -0.00592
19861128    -0.01190
19861201     0.00602
19861202    -0.02395
19861203     0.01227
19861204     0.01212
19861205     0.01796
19861208    -0.00588
19861209    -0.00592
19861210     0.00595
19861211     0.00000
19861212    -0.00592
19861215    -0.01190
19861216     0.00000
19861217    -0.01807
19861218    -0.01227
19861219     0.00000
19861222    -0.01242
19861223    -0.00629
19861224     0.03165
19861226     0.00613
19861229    -0.00610
19861230    -0.00613
19861231     0.01235
19870102     0.01220
19870105     0.05422
19870106     0.00000
19870107     0.02857
19870108    -0.01111
19870109     0.04494
19870112     0.00000
19870113    -0.02151
19870114     0.00549
19870115     0.00000
19870116    -0.01639
19870119    -0.00556
19870120     0.04469
19870121     0.02674
19870122    -0.01563
19870123     0.01587
19870126    -0.02083
19870127     0.00000
19870128     0.06383
19870129    -0.01000
19870130    -0.02525
19870202     0.01554
19870203     0.01020
19870204    -0.00505
19870205     0.01015
19870206     0.02513
19870209    -0.01471
19870210     0.00000
19870211    -0.01493
19870212    -0.00505
19870213     0.04061
19870217    -0.00976
19870218     0.03448
19870219    -0.02381
19870220     0.00488
19870223    -0.02427
19870224    -0.00498
19870225     0.03000
19870226     0.01204
19870227     0.00000
19870302    -0.00481
19870303     0.00966
19870304     0.01435
19870305     0.02830
19870306    -0.00917
19870309    -0.00463
19870310     0.00465
19870311     0.00000
19870312    -0.00926
19870313     0.00000
19870316    -0.01869
19870317     0.00952
19870318     0.00000
19870319    -0.01887
19870320    -0.00481
19870323     0.00483
19870324     0.00000
19870325    -0.00962
19870326    -0.00485
19870327    -0.01951
19870330    -0.01990
19870331     0.01523
19870401    -0.00500
19870402     0.03518
19870403    -0.00971
19870406     0.00980
19870407    -0.02913
19870408     0.01500
19870409    -0.00493
19870410    -0.01485
19870413    -0.02010
19870414    -0.02564
19870415     0.04211
19870416     0.03535
19870420    -0.03902
19870421     0.01523
19870422     0.01000
19870423    -0.02475
19870424     0.01015
19870427    -0.01005
19870428     0.00000
19870429     0.03046
19870430    -0.00493
19870501    -0.02475
19870504     0.01523
19870505     0.02500
19870506     0.00488
19870507    -0.00485
19870508    -0.00488
19870511    -0.01961
19870512     0.00000
19870513     0.00000
19870514    -0.01000
19870515    -0.01010
19870518    -0.02041
19870519    -0.01563
19870520     0.00000
19870521     0.01058
19870522    -0.01047
19870526     0.03704
19870527    -0.00776
19870528     0.00000
19870529    -0.01546
19870601     0.00000
19870602    -0.00524
19870603     0.02105
19870604     0.00000
19870605     0.00515
19870608     0.01026
19870609     0.01523
19870610     0.00000
19870611     0.02500
19870612    -0.00488
19870615     0.03431
19870616    -0.01896
19870617     0.00483
19870618    -0.00481
19870619    -0.00966
19870622    -0.00488
19870623     0.00490
19870624     0.01463
19870625     0.02404
19870626     0.00469
19870629    -0.00467
19870630    -0.02347
19870701    -0.01442
19870702     0.01951
19870706     0.00478
19870707    -0.01429
19870708    -0.00966
19870709    -0.00976
19870710     0.00985
19870713    -0.00488
19870714     0.00000
19870715     0.01471
19870716     0.03382
19870717     0.03738
19870720    -0.00450
19870721    -0.00905
19870722     0.02283
19870723     0.01786
19870724     0.01754
19870727     0.01724
19870728    -0.01695
19870729    -0.00862
19870730     0.00870
19870731    -0.00862
19870803     0.00435
19870804     0.00433
19870805     0.02586
19870806     0.05042
19870807    -0.00800
19870810    -0.00806
19870811    -0.02033
19870812     0.02490
19870813     0.02024
19870814    -0.01984
19870817    -0.01215
19870818    -0.02049
19870819     0.00837
19870820     0.00830
19870821     0.00000
19870824     0.00000
19870825     0.00000
19870826     0.04527
19870827    -0.00394
19870828     0.01186
19870831    -0.00781
19870901    -0.00205
19870902    -0.03162
19870903    -0.02449
19870904    -0.02929
19870908    -0.01724
19870909     0.00439
19870910     0.04367
19870911     0.03347
19870914     0.03239
19870915    -0.00392
19870916    -0.01575
19870917    -0.01200
19870918     0.01619
19870921     0.00398
19870922     0.05159
19870923     0.02264
19870924    -0.02214
19870925    -0.00377
19870928    -0.00379
19870929     0.00380
19870930    -0.03409
19871001    -0.00392
19871002     0.01575
19871005     0.01550
19871006    -0.00382
19871007    -0.00383
19871008    -0.01538
19871009    -0.00391
19871012    -0.04314
19871013     0.03279
19871014    -0.03968
19871015    -0.00826
19871016    -0.04167
19871019    -0.21739
19871020    -0.11667
19871021     0.20755
19871022    -0.07813
19871023     0.01695
19871026    -0.11111
19871027     0.02500
19871028     0.00000
19871029     0.09756
19871030     0.05000
19871102     0.01587
19871103    -0.03125
19871104    -0.03763
19871105     0.03911
19871106     0.01613
19871109    -0.02646
19871110    -0.04348
19871111    -0.00568
19871112     0.02857
19871113    -0.00556
19871116    -0.03352
19871117    -0.04046
19871118     0.00602
19871119     0.00599
19871120    -0.03571
19871123     0.01235
19871124     0.04878
19871125     0.04651
19871127    -0.03889
19871130    -0.05202
19871201     0.01829
19871202    -0.02994
19871203    -0.01235
19871204    -0.02500
19871207     0.01923
19871208     0.01887
19871209     0.04938
19871210     0.00871
19871211     0.01754
19871214     0.00575
19871215    -0.01714
19871216     0.06977
19871217    -0.00543
19871218     0.01639
19871221     0.02151
19871222     0.01053
19871223    -0.01042
19871224    -0.00526
19871228    -0.05820
19871229    -0.00562
19871230     0.01130
19871231     0.00000
19880104     0.06704
19880105     0.02094
19880106     0.02564
19880107    -0.02000
19880108    -0.05612
19880111     0.00541
19880112    -0.01613
19880113    -0.00546
19880114     0.01648
19880115     0.02162
19880118     0.01058
19880119    -0.00524
19880120    -0.02632
19880121     0.02703
19880122     0.02105
19880125     0.00515
19880126     0.02564
19880127     0.00500
19880128     0.02488
19880129     0.03883
19880201    -0.01869
19880202     0.00000
19880203    -0.02381
19880204    -0.01463
19880205     0.02970
19880208    -0.03846
19880209     0.02500
19880210    -0.00488
19880211     0.00980
19880212    -0.00971
19880216     0.01471
19880217     0.01449
19880218    -0.01429
19880219     0.00966
19880222    -0.00478
19880223     0.01923
19880224     0.02113
19880225    -0.00463
19880226    -0.01395
19880229     0.04717
19880301    -0.00450
19880302     0.00452
19880303     0.00000
19880304    -0.00901
19880307    -0.01818
19880308     0.02778
19880309    -0.02252
19880310    -0.01382
19880311     0.00935
19880314     0.01389
19880315     0.00913
19880316     0.00452
19880317     0.00901
19880318     0.00000
19880321    -0.01786
19880322     0.00455
19880323     0.01810
19880324    -0.02667
19880325    -0.01370
19880328    -0.05556
19880329     0.00490
19880330     0.00488
19880331     0.00485
19880404    -0.01449
19880405    -0.02941
19880406     0.05556
19880407     0.01435
19880408     0.00000
19880411    -0.01887
19880412    -0.00481
19880413    -0.00483
19880414    -0.02427
19880415     0.00995
19880418    -0.01970
19880419     0.01005
19880420    -0.00498
19880421    -0.01500
19880422     0.01015
19880425    -0.02010
19880426     0.02051
19880427    -0.01508
19880428    -0.00510
19880429    -0.01538
19880502    -0.00521
19880503     0.00000
19880504    -0.01047
19880505     0.04233
19880506    -0.01015
19880509    -0.02564
19880510     0.02105
19880511    -0.01546
19880512     0.00524
19880513     0.00521
19880516     0.00000
19880517    -0.01554
19880518    -0.02105
19880519    -0.00538
19880520    -0.01622
19880523     0.00000
19880524     0.02747
19880525     0.00299
19880526     0.04813
19880527     0.00510
19880531     0.02538
19880601     0.04455
19880602     0.00000
19880603     0.01422
19880606     0.00000
19880607    -0.00935
19880608     0.00472
19880609    -0.01878
19880610     0.01435
19880613     0.00000
19880614     0.00943
19880615     0.00467
19880616    -0.00465
19880617    -0.01402
19880620    -0.00474
19880621     0.02381
19880622     0.02326
19880623    -0.00909
19880624     0.00000
19880627    -0.00917
19880628     0.00926
19880629    -0.00459
19880630     0.01382
19880701     0.01818
19880705     0.01786
19880706    -0.02632
19880707    -0.00901
19880708     0.00000
19880711     0.00000
19880712    -0.00909
19880713     0.00459
19880714     0.00000
19880715    -0.01370
19880718    -0.02315
19880719    -0.00474
19880720    -0.01429
19880721     0.02415
19880722    -0.02358
19880725     0.00966
19880726    -0.00957
19880727    -0.01449
19880728     0.00000
19880729     0.04902
19880801     0.00467
19880802     0.00000
19880803     0.02326
19880804     0.02273
19880805    -0.02222
19880808    -0.02273
19880809    -0.00465
19880810    -0.01869
19880811    -0.00952
19880812    -0.00962
19880815    -0.02913
19880816     0.01000
19880817     0.00000
19880818     0.00000
19880819     0.02475
19880822    -0.01932
19880823     0.00493
19880824     0.00490
19880825    -0.00976
19880826    -0.00217
19880829    -0.02970
19880830    -0.03571
19880831    -0.01587
19880901    -0.02151
19880902     0.03846
19880906    -0.00529
19880907     0.00532
19880908    -0.01587
19880909    -0.00538
19880912    -0.01081
19880913     0.00546
19880914     0.00000
19880915    -0.01087
19880916     0.00000
19880919     0.00000
19880920    -0.00549
19880921     0.02762
19880922     0.00000
19880923     0.01075
19880926    -0.01064
19880927    -0.01613
19880928     0.01093
19880929     0.02703
19880930    -0.01579
19881003     0.00000
19881004     0.00000
19881005     0.00535
19881006     0.00000
19881007     0.02660
19881010    -0.01036
19881011     0.00524
19881012    -0.01042
19881013    -0.01053
19881014    -0.01596
19881017     0.01081
19881018     0.01070
19881019    -0.00529
19881020     0.01596
19881021     0.00524
19881024     0.00000
19881025     0.00521
19881026     0.00000
19881027    -0.01554
19881028     0.00000
19881031    -0.00232
19881101     0.00000
19881102     0.00529
19881103     0.00000
19881104    -0.00526
19881107    -0.01587
19881108     0.00000
19881109     0.00000
19881110     0.00538
19881111    -0.03743
19881114    -0.02222
19881115     0.00000
19881116    -0.04545
19881117    -0.02381
19881118     0.02439
19881121    -0.00595
19881122    -0.01198
19881123     0.05455
19881125    -0.01149
19881128     0.00581
19881129     0.02312
19881130     0.02260
19881201    -0.01657
19881202    -0.01685
19881205    -0.01143
19881206     0.00578
19881207     0.02299
19881208    -0.00562
19881209     0.01130
19881212    -0.00559
19881213    -0.03371
19881214    -0.00581
19881215    -0.00585
19881216     0.02941
19881219     0.00571
19881220     0.01136
19881221    -0.01124
19881222    -0.01136
19881223     0.01149
19881227     0.00000
19881228     0.00000
19881229    -0.00568
19881230    -0.00571
19890103    -0.03448
19890104     0.02976
19890105    -0.01156
19890106     0.00585
19890109     0.02326
19890110     0.00568
19890111     0.01130
19890112     0.00559
19890113     0.00000
19890116    -0.01111
19890117    -0.01685
19890118     0.00571
19890119     0.01705
19890120     0.00000
19890123    -0.01676
19890124     0.03409
19890125    -0.01648
19890126     0.00559
19890127     0.04444
19890130     0.01596
19890131    -0.01277
19890201    -0.00532
19890202    -0.00535
19890203     0.01613
19890206    -0.01058
19890207     0.01604
19890208     0.02105
19890209     0.01031
19890210    -0.02551
19890213    -0.00524
19890214     0.00000
19890215     0.00526
19890216     0.00000
19890217     0.00524
19890221    -0.01042
19890222    -0.03684
19890223     0.02186
19890224    -0.02139
19890227    -0.01093
19890228    -0.02762
19890301     0.00000
19890302     0.01136
19890303    -0.01124
19890306     0.01705
19890307     0.01117
19890308    -0.01657
19890309    -0.00562
19890310    -0.00565
19890313     0.01136
19890314     0.00000
19890315    -0.00562
19890316     0.01695
19890317    -0.01667
19890320    -0.00565
19890321    -0.00568
19890322    -0.00571
19890323    -0.01724
19890327     0.00000
19890328    -0.00585
19890329     0.00588
19890330     0.00000
19890331     0.01170
19890403    -0.02312
19890404     0.02959
19890405     0.00000
19890406     0.00575
19890407     0.00000
19890410    -0.02857
19890411    -0.00588
19890412    -0.00592
19890413     0.00000
19890414     0.00000
19890417     0.00000
19890418     0.01786
19890419     0.00000
19890420    -0.00585
19890421    -0.01176
19890424     0.00595
19890425    -0.01183
19890426     0.00000
19890427     0.01198
19890428    -0.01183
19890501     0.01198
19890502     0.00331
19890503    -0.00592
19890504    -0.02381
19890505     0.01829
19890508     0.00000
19890509    -0.01796
19890510     0.00610
19890511     0.01212
19890512     0.01198
19890515     0.00592
19890516     0.00000
19890517    -0.00588
19890518    -0.00592
19890519     0.01190
19890522     0.02353
19890523     0.02299
19890524    -0.00562
19890525     0.00565
19890526    -0.00562
19890530     0.00000
19890531     0.01695
19890601     0.01111
19890602     0.02198
19890605     0.00000
19890606     0.01075
19890607     0.00532
19890608     0.02646
19890609    -0.00515
19890612    -0.00518
19890613    -0.00521
19890614    -0.02094
19890615     0.01070
19890616    -0.00529
19890619    -0.00532
19890620     0.00000
19890621    -0.01070
19890622     0.00541
19890623     0.01613
19890626    -0.00529
19890627     0.00000
19890628    -0.01596
19890629    -0.03784
19890630     0.00000
19890703     0.01124
19890705    -0.01111
19890706     0.00562
19890707     0.01676
19890710     0.02747
19890711     0.01070
19890712     0.02646
19890713    -0.01031
19890714    -0.00521
19890717     0.02618
19890718    -0.02551
19890719     0.03665
19890720    -0.00505
19890721     0.00000
19890724     0.00508
19890725     0.03535
19890726     0.00976
19890727     0.05314
19890728    -0.00459
19890731    -0.00461
19890801     0.02574
19890802     0.00452
19890803    -0.02252
19890804     0.00461
19890807     0.01376
19890808     0.01357
19890809    -0.01786
19890810     0.01818
19890811    -0.01786
19890814    -0.04091
19890815     0.02370
19890816     0.01852
19890817    -0.00455
19890818     0.00913
19890821    -0.02715
19890822     0.00930
19890823     0.00461
19890824    -0.00459
19890825    -0.00922
19890828     0.00465
19890829    -0.01852
19890830     0.02830
19890831     0.00000
19890901     0.00917
19890905    -0.01818
19890906    -0.00926
19890907    -0.00467
19890908     0.01408
19890911    -0.00463
19890912     0.02326
19890913    -0.00455
19890914    -0.02283
19890915     0.00000
19890918     0.00467
19890919     0.00000
19890920    -0.00465
19890921     0.01402
19890922     0.01382
19890925    -0.01364
19890926     0.00000
19890927     0.03226
19890928     0.00446
19890929    -0.00889
19891002    -0.00448
19891003     0.02703
19891004     0.01754
19891005     0.02586
19891006    -0.00840
19891009    -0.00847
19891010     0.01282
19891011    -0.00844
19891012     0.00000
19891013    -0.11064
19891016     0.06220
19891017     0.01802
19891018     0.02212
19891019     0.03030
19891020    -0.00420
19891023    -0.02954
19891024    -0.01739
19891025     0.01770
19891026    -0.00435
19891027    -0.03930
19891030     0.02727
19891031     0.02053
19891101    -0.01739
19891102     0.00442
19891103     0.00441
19891106    -0.01316
19891107    -0.01333
19891108    -0.00450
19891109    -0.00905
19891110     0.01370
19891113     0.00901
19891114    -0.00446
19891115    -0.00448
19891116    -0.00450
19891117     0.00452
19891120    -0.00450
19891121     0.00905
19891122     0.00448
19891124     0.01786
19891127     0.02193
19891128     0.00000
19891129    -0.01288
19891130     0.01304
19891201     0.01717
19891204     0.00422
19891205    -0.00840
19891206    -0.02966
19891207    -0.01310
19891208     0.02655
19891211     0.00431
19891212     0.00858
19891213    -0.00851
19891214     0.01288
19891215    -0.01271
19891218    -0.05150
19891219    -0.01810
19891220     0.00000
19891221    -0.00922
19891222     0.00930
19891226     0.00000
19891227     0.01382
19891228     0.00455
19891229     0.03167
19900102     0.03070
19900103     0.01277
19900104    -0.01261
19900105     0.00851
19900108     0.00844
19900109    -0.01255
19900110    -0.00847
19900111     0.00855
19900112    -0.05085
19900115    -0.00446
19900116    -0.00448
19900117     0.02703
19900118     0.01316
19900119     0.00000
19900122    -0.04329
19900123    -0.03167
19900124     0.00935
19900125    -0.03704
19900126     0.00962
19900129    -0.00476
19900130    -0.03522
19900131     0.03980
19900201     0.00478
19900202     0.02857
19900205    -0.00463
19900206    -0.03256
19900207     0.03846
19900208    -0.00926
19900209     0.00467
19900212    -0.02326
19900213    -0.01429
19900214     0.00000
19900215     0.02415
19900216     0.00943
19900220    -0.02804
19900221     0.00000
19900222    -0.00962
19900223     0.00000
19900226     0.03883
19900227    -0.00467
19900228     0.00939
19900301     0.00000
19900302     0.00000
19900305    -0.00465
19900306     0.00000
19900307    -0.00935
19900308     0.02830
19900309     0.00459
19900312    -0.00457
19900313    -0.00459
19900314     0.03687
19900315     0.00889
19900316     0.01322
19900319    -0.00870
19900320    -0.02632
19900321     0.00000
19900322    -0.02703
19900323     0.00463
19900326    -0.00461
19900327     0.01389
19900328     0.02283
19900329    -0.00893
19900330    -0.00901
19900402    -0.01818
19900403     0.03704
19900404     0.00446
19900405     0.01333
19900406     0.00877
19900409    -0.00870
19900410     0.02193
19900411     0.01717
19900412    -0.00422
19900416     0.02542
19900417     0.02479
19900418    -0.03629
19900419    -0.00418
19900420    -0.04202
19900423     0.00000
19900424    -0.01754
19900425     0.02232
19900426     0.01310
19900427    -0.01293
19900430     0.00437
19900501     0.01148
19900502     0.03879
19900503    -0.02490
19900504     0.01277
19900507     0.00420
19900508    -0.00837
19900509     0.00000
19900510     0.00422
19900511     0.02521
19900514     0.02459
19900515     0.02000
19900516     0.00000
19900517     0.00784
19900518    -0.00778
19900521     0.01176
19900522     0.00775
19900523    -0.00385
19900524     0.00772
19900525    -0.01916
19900529     0.03125
19900530    -0.01136
19900531     0.00000
19900601     0.00766
19900604     0.01141
19900605     0.03383
19900606    -0.02545
19900607    -0.01493
19900608    -0.03030
19900611     0.02344
19900612     0.01145
19900613     0.00377
19900614     0.01880
19900615    -0.00738
19900618    -0.01859
19900619    -0.00379
19900620     0.01521
19900621     0.00749
19900622     0.01487
19900625    -0.00366
19900626    -0.01471
19900627     0.02612
19900628    -0.00364
19900629    -0.00365
19900702     0.01099
19900703     0.02174
19900705    -0.00709
19900706     0.00714
19900709    -0.01064
19900710     0.00000
19900711     0.02151
19900712     0.02105
19900713     0.01031
19900716     0.01701
19900717    -0.01338
19900718    -0.01695
19900719    -0.04483
19900720    -0.03610
19900723    -0.01873
19900724    -0.01908
19900725     0.02335
19900726     0.01901
19900727    -0.04851
19900730    -0.00784
19900731     0.02292
19900801     0.00000
19900802    -0.01550
19900803    -0.01969
19900806    -0.04016
19900807     0.00418
19900808     0.00000
19900809     0.03750
19900810    -0.02811
19900813    -0.00413
19900814     0.00000
19900815     0.00000
19900816    -0.01660
19900817    -0.01688
19900820     0.00858
19900821    -0.02128
19900822    -0.06087
19900823    -0.00926
19900824     0.06542
19900827     0.00000
19900828    -0.02193
19900829    -0.00448
19900830    -0.01351
19900831     0.01826
19900904    -0.00448
19900905     0.00000
19900906    -0.00901
19900907     0.00909
19900910     0.00000
19900911     0.00450
19900912     0.00000
19900913    -0.04484
19900914    -0.02347
19900917    -0.00962
19900918    -0.10194
19900919    -0.08108
19900920    -0.02941
19900921     0.00606
19900924    -0.03012
19900925     0.06211
19900926    -0.00585
19900927    -0.02353
19900928    -0.01205
19901001    -0.03659
19901002    -0.06329
19901003     0.02703
19901004     0.01974
19901005    -0.01935
19901008    -0.02632
19901009    -0.02703
19901010     0.01389
19901011     0.00685
19901012     0.04762
19901015    -0.00649
19901016    -0.02614
19901017     0.03356
19901018     0.09091
19901019    -0.02976
19901022     0.03681
19901023     0.00000
19901024     0.00000
19901025    -0.00592
19901026    -0.09524
19901029    -0.01974
19901030    -0.00805
19901031    -0.01361
19901101    -0.00690
19901102     0.08333
19901105     0.01282
19901106    -0.03165
19901107    -0.01961
19901108    -0.00667
19901109     0.03356
19901112     0.06494
19901113     0.03049
19901114     0.02367
19901115    -0.00578
19901116     0.00581
19901119     0.00578
19901120     0.00000
19901121    -0.02299
19901123     0.00588
19901126     0.00000
19901127     0.02924
19901128     0.00568
19901129     0.01130
19901130     0.01117
19901203     0.01657
19901204     0.03261
19901205     0.05263
19901206    -0.00500
19901207    -0.02010
19901210    -0.02564
19901211    -0.00526
19901212     0.00529
19901213    -0.01053
19901214    -0.03191
19901217    -0.03297
19901218     0.05682
19901219     0.01613
19901220    -0.03175
19901221     0.01093
19901224    -0.01081
19901226    -0.00546
19901227     0.00000
19901228    -0.01099
19901231     0.01667
19910102     0.01093
19910103     0.00000
19910104     0.02703
19910107    -0.01579
19910108    -0.02139
19910109    -0.04372
19910110     0.01714
19910111     0.02247
19910114     0.01099
19910115    -0.00543
19910116     0.00000
19910117     0.04918
19910118     0.02083
19910121     0.01531
19910122    -0.00503
19910123    -0.00505
19910124     0.01523
19910125    -0.01000
19910128    -0.03030
19910129     0.04583
19910130     0.03000
19910131     0.02427
19910201     0.02370
19910204     0.01852
19910205     0.02273
19910206     0.02222
19910207    -0.01739
19910208     0.00000
19910211     0.03540
19910212     0.01282
19910213     0.00844
19910214     0.00837
19910215     0.01660
19910219     0.01633
19910220     0.00000
19910221    -0.00803
19910222     0.00405
19910225     0.00000
19910226    -0.01613
19910227     0.02049
19910228    -0.01205
19910301     0.01626
19910304     0.03200
19910305     0.03488
19910306    -0.02622
19910307    -0.01538
19910308    -0.00781
19910311    -0.01575
19910312    -0.00800
19910313     0.00000
19910314    -0.01613
19910315     0.00000
19910318     0.00000
19910319    -0.03279
19910320    -0.00424
19910321    -0.00426
19910322    -0.00427
19910325     0.02146
19910326     0.02521
19910327     0.00410
19910328    -0.00408
19910401    -0.02459
19910402     0.04202
19910403     0.01210
19910404     0.01594
19910405    -0.00784
19910408     0.00000
19910409    -0.02767
19910410     0.00813
19910411     0.02419
19910412    -0.01575
19910415     0.03600
19910416     0.02317
19910417    -0.02264
19910418    -0.01931
19910419    -0.04331
19910422    -0.03292
19910423     0.01277
19910424     0.03361
19910425    -0.01626
19910426    -0.00413
19910429    -0.01660
19910430    -0.00506
19910501     0.02553
19910502     0.00415
19910503    -0.00413
19910506     0.00000
19910507    -0.02490
19910508    -0.00426
19910509     0.00855
19910510    -0.02119
19910513     0.00000
19910514    -0.00866
19910515    -0.01747
19910516     0.01333
19910517    -0.00877
19910520     0.02212
19910521     0.00866
19910522     0.01717
19910523    -0.01266
19910524    -0.00427
19910528     0.00858
19910529     0.02128
19910530     0.05000
19910531     0.00397
19910603     0.00791
19910604    -0.00784
19910605    -0.03162
19910606     0.00000
19910607     0.00816
19910610    -0.00810
19910611    -0.00816
19910612    -0.04115
19910613     0.02146
19910614     0.00000
19910617    -0.01261
19910618    -0.01702
19910619    -0.00433
19910620    -0.00435
19910621     0.00437
19910624    -0.04783
19910625     0.00913
19910626    -0.00905
19910627     0.00457
19910628     0.00909
19910701     0.02703
19910702    -0.03509
19910703    -0.00455
19910705     0.01370
19910708     0.00450
19910709     0.01345
19910710     0.05752
19910711     0.00000
19910712    -0.02929
19910715     0.02155
19910716     0.04219
19910717     0.01215
19910718     0.00800
19910719    -0.03175
19910722     0.01230
19910723     0.00810
19910724    -0.03614
19910725     0.02917
19910726    -0.01619
19910729     0.00412
19910730     0.01230
19910731     0.02846
19910801    -0.01976
19910802     0.01210
19910805     0.00398
19910806     0.03175
19910807     0.01538
19910808     0.02652
19910809    -0.01476
19910812    -0.01498
19910813     0.01141
19910814     0.01880
19910815    -0.01107
19910816    -0.01866
19910819    -0.04943
19910820     0.03200
19910821     0.05426
19910822     0.00000
19910823    -0.00368
19910826     0.00000
19910827     0.01476
19910828     0.00727
19910829    -0.02527
19910830    -0.00370
19910903    -0.01115
19910904    -0.00752
19910905    -0.01136
19910906    -0.01533
19910909     0.01556
19910910    -0.00766
19910911    -0.02703
19910912     0.05159
19910913    -0.00377
19910916     0.02273
19910917    -0.02222
19910918     0.03030
19910919    -0.02206
19910920     0.00752
19910923    -0.01119
19910924     0.00377
19910925     0.03008
19910926     0.00730
19910927     0.03261
19910930    -0.00351
19911001     0.00000
19911002     0.01056
19911003    -0.02439
19911004    -0.03571
19911007     0.04074
19911008    -0.03203
19911009    -0.02206
19911010     0.03008
19911011     0.00730
19911014     0.01087
19911015     0.00358
19911016     0.01071
19911017     0.00707
19911018    -0.00702
19911021    -0.03180
19911022     0.00730
19911023    -0.01087
19911024     0.01099
19911025    -0.01087
19911028     0.04029
19911029     0.00704
19911030     0.01053
19911031     0.01042
19911101    -0.00687
19911104     0.00000
19911105     0.00692
19911106    -0.00344
19911107     0.01379
19911108     0.00340
19911111    -0.00339
19911112     0.00680
19911113    -0.01689
19911114    -0.03780
19911115    -0.01071
19911118     0.03610
19911119    -0.03484
19911120     0.00361
19911121     0.01799
19911122    -0.02120
19911125    -0.02527
19911126     0.00741
19911127    -0.02941
19911129    -0.01136
19911202     0.01149
19911203     0.00758
19911204    -0.01128
19911205    -0.01141
19911206     0.00769
19911209     0.00000
19911210    -0.00763
19911211     0.00385
19911212     0.00000
19911213     0.01149
19911216     0.01515
19911217     0.00000
19911218    -0.00373
19911219    -0.00375
19911220     0.01880
19911223     0.06273
19911224     0.02083
19911226     0.03401
19911227     0.03618
19911230    -0.00317
19911231     0.00318
19920102     0.00000
19920103     0.00000
19920106    -0.00317
19920107    -0.00637
19920108    -0.00641
19920109     0.00968
19920110    -0.00958
19920113    -0.00323
19920114     0.05502
19920115    -0.01227
19920116    -0.00311
19920117     0.02181
19920120     0.00915
19920121     0.00000
19920122     0.01813
19920123     0.00297
19920124    -0.00888
19920127    -0.01493
19920128     0.02424
19920129    -0.04154
19920130     0.02167
19920131     0.00606
19920203    -0.02711
19920204     0.00619
19920205     0.00923
19920206     0.00000
19920207    -0.01220
19920210     0.02160
19920211    -0.01511
19920212     0.00613
19920213    -0.00915
19920214    -0.01538
19920218    -0.00938
19920219     0.00631
19920220     0.00940
19920221     0.00311
19920224    -0.03406
19920225     0.01282
19920226     0.04430
19920227     0.00606
19920228     0.00000
19920302    -0.01205
19920303     0.01829
19920304     0.00599
19920305    -0.01190
19920306    -0.03012
19920309    -0.00621
19920310     0.00000
19920311    -0.00625
19920312    -0.00629
19920313     0.00633
19920316     0.00000
19920317    -0.00629
19920318     0.00633
19920319    -0.00314
19920320    -0.00631
19920323    -0.00317
19920324     0.01911
19920325     0.02500
19920326     0.01524
19920327    -0.03003
19920330     0.01858
19920331    -0.02128
19920401    -0.00932
19920402    -0.03762
19920403     0.00326
19920406     0.01948
19920407    -0.03503
19920408    -0.02310
19920409     0.02027
19920410     0.02318
19920413     0.02265
19920414     0.00949
19920415    -0.02508
19920416     0.01929
19920420    -0.02524
19920421    -0.00971
19920422     0.00327
19920423     0.00326
19920424    -0.00325
19920427     0.00651
19920428     0.00518
19920429     0.02913
19920430     0.02201
19920501     0.02769
19920504    -0.01497
19920505    -0.00912
19920506     0.00000
19920507    -0.01840
19920508     0.00000
19920511    -0.00313
19920512    -0.00627
19920513    -0.00946
19920514     0.00318
19920515    -0.01270
19920518    -0.00322
19920519     0.00000
19920520    -0.00323
19920521    -0.00324
19920522     0.00325
19920526    -0.00324
19920527     0.00000
19920528     0.00000
19920529    -0.00325
19920601     0.00326
19920602    -0.00974
19920603    -0.00656
19920604    -0.01650
19920605     0.00671
19920608     0.03667
19920609    -0.04180
19920610    -0.01007
19920611     0.01356
19920612     0.01672
19920615     0.01645
19920616    -0.00324
19920617    -0.02922
19920618    -0.00334
19920619     0.00336
19920622     0.01672
19920623    -0.00329
19920624    -0.01320
19920625    -0.00334
19920626     0.01007
19920629     0.03987
19920630    -0.01917
19920701     0.02932
19920702    -0.00949
19920706     0.01917
19920707    -0.03448
19920708     0.00649
19920709     0.01613
19920710     0.00635
19920713    -0.01262
19920714     0.04473
19920715     0.00917
19920716     0.00000
19920717    -0.01515
19920720     0.00000
19920721     0.02462
19920722    -0.00300
19920723     0.00301
19920724    -0.00901
19920727    -0.00303
19920728     0.02614
19920729     0.02381
19920730     0.00581
19920731     0.01734
19920803    -0.00284
19920804    -0.00285
19920805     0.00000
19920806     0.00571
19920807    -0.02557
19920810     0.00292
19920811     0.00581
19920812    -0.01734
19920813    -0.00588
19920814     0.00888
19920817     0.01173
19920818    -0.00290
19920819    -0.01163
19920820    -0.00882
19920821    -0.01484
19920824    -0.02410
19920825     0.00617
19920826    -0.00307
19920827     0.01538
19920828    -0.01212
19920831    -0.02454
19920901     0.02830
19920902     0.00000
19920903    -0.00306
19920904    -0.00613
19920908    -0.00926
19920909    -0.00623
19920910     0.04075
19920911    -0.02108
19920914     0.04615
19920915    -0.02941
19920916    -0.01212
19920917     0.00920
19920918    -0.00608
19920921     0.00612
19920922     0.04559
19920923    -0.00581
19920924     0.03801
19920925    -0.03099
19920928    -0.00581
19920929    -0.01170
19920930     0.03550
19921001     0.01143
19921002    -0.01695
19921005     0.00000
19921006     0.00000
19921007    -0.02011
19921008     0.02346
19921009    -0.00860
19921012    -0.01734
19921013    -0.00588
19921014     0.00592
19921015    -0.01176
19921016     0.01190
19921019     0.00882
19921020     0.00000
19921021    -0.00583
19921022     0.00293
19921023    -0.00877
19921026     0.01475
19921027     0.00000
19921028     0.00581
19921029    -0.00578
19921030    -0.00581
19921102     0.01170
19921103    -0.01272
19921104     0.00000
19921105    -0.01176
19921106     0.02083
19921109    -0.00583
19921110     0.01173
19921111     0.02899
19921112     0.01972
19921113    -0.01657
19921116     0.00000
19921117     0.00000
19921118    -0.01124
19921119     0.00852
19921120     0.01127
19921123     0.00000
19921124     0.01393
19921125     0.01099
19921127     0.01087
19921130     0.02688
19921201     0.01309
19921202     0.00258
19921203    -0.00515
19921204     0.00000
19921207    -0.01036
19921208     0.01832
19921209    -0.01285
19921210     0.00521
19921211    -0.00518
19921214     0.00000
19921215    -0.01563
19921216    -0.01323
19921217     0.00000
19921218     0.06971
19921221    -0.02506
19921222     0.00000
19921223     0.01028
19921224    -0.00254
19921228     0.01020
19921229    -0.02020
19921230     0.00515
19921231    -0.00769
19930104     0.00775
19930105     0.00000
19930106     0.01026
19930107     0.01523
19930108    -0.01000
19930111    -0.01768
19930112     0.02057
19930113     0.01259
19930114     0.03483
19930115     0.00240
19930118    -0.00480
19930119    -0.01687
19930120     0.01471
19930121     0.00000
19930122     0.01449
19930125     0.00714
19930126     0.00236
19930127     0.00472
19930128     0.01174
19930129    -0.01392
19930201     0.01882
19930202     0.02522
19930203     0.03167
19930204     0.02851
19930205    -0.04051
19930208     0.00889
19930209    -0.02203
19930210     0.01577
19930211     0.00665
19930212    -0.01322
19930216    -0.06027
19930217     0.00475
19930218     0.00236
19930219     0.03774
19930222    -0.01818
19930223    -0.03704
19930224     0.01442
19930225     0.04739
19930226    -0.00679
19930301    -0.00228
19930302     0.03767
19930303     0.01650
19930304    -0.02273
19930305     0.01329
19930308     0.04918
19930309     0.11875
19930310     0.04749
19930311     0.02400
19930312     0.03125
19930315     0.00505
19930316    -0.03769
19930317    -0.02611
19930318     0.00804
19930319    -0.03989
19930322     0.00554
19930323    -0.01102
19930324     0.03343
19930325    -0.00270
19930326     0.01351
19930329    -0.00533
19930330     0.00268
19930331    -0.01337
19930401    -0.02981
19930402     0.00838
19930405    -0.00554
19930406    -0.01393
19930407     0.03390
19930408    -0.00546
19930412     0.02473
19930413     0.05094
19930414     0.01786
19930415    -0.03008
19930416    -0.01292
19930419    -0.01832
19930420    -0.01600
19930421    -0.01355
19930422     0.00549
19930423    -0.00546
19930426    -0.08516
19930427     0.05706
19930428     0.01705
19930429    -0.00838
19930430     0.03662
19930503    -0.02174
19930504     0.01744
19930505    -0.00548
19930506    -0.00826
19930507    -0.00833
19930510     0.03081
19930511     0.00815
19930512     0.00270
19930513    -0.01613
19930514    -0.03005
19930517     0.00282
19930518     0.00843
19930519     0.00836
19930520     0.02486
19930521    -0.00270
19930524    -0.00541
19930525    -0.00272
19930526     0.03270
19930527     0.00000
19930528    -0.02111
19930601     0.00000
19930602     0.01617
19930603    -0.01061
19930604    -0.01340
19930607    -0.04348
19930608     0.00852
19930609    -0.00563
19930610    -0.00283
19930611     0.00568
19930614     0.03672
19930615    -0.01090
19930616     0.00000
19930617     0.00000
19930618    -0.00826
19930621     0.01667
19930622     0.00546
19930623    -0.00543
19930624     0.07650
19930625     0.01269
19930628     0.05514
19930629    -0.00950
19930630     0.00959
19930701    -0.01425
19930702    -0.02651
19930706    -0.00743
19930707     0.03242
19930708     0.03382
19930709    -0.02336
19930712     0.03349
19930713    -0.03009
19930714    -0.01671
19930715     0.00728
19930716    -0.00723
19930719     0.01699
19930720     0.01909
19930721     0.01171
19930722    -0.03009
19930723     0.02148
19930726     0.00000
19930727     0.00000
19930728     0.00467
19930729     0.01163
19930730    -0.00690
19930802     0.00463
19930803     0.01690
19930804    -0.00227
19930805    -0.01139
19930806     0.01382
19930809     0.03182
19930810     0.00000
19930811    -0.01101
19930812    -0.00223
19930813    -0.00223
19930816    -0.00671
19930817    -0.00676
19930818    -0.00454
19930819     0.02733
19930820    -0.01996
19930823     0.01131
19930824     0.01119
19930825     0.00885
19930826     0.01974
19930827    -0.01935
19930830     0.01170
19930831     0.02601
19930901     0.01127
19930902    -0.01950
19930903     0.00852
19930907    -0.01408
19930908    -0.02857
19930909     0.02941
19930910     0.02857
19930913     0.01389
19930914     0.01918
19930915     0.01344
19930916    -0.00265
19930917     0.00532
19930920     0.00000
19930921    -0.02646
19930922     0.02989
19930923     0.02111
19930924     0.00258
19930927     0.01031
19930928     0.01020
19930929    -0.00758
19930930    -0.02799
19931001     0.00524
19931004    -0.00521
19931005     0.00524
19931006    -0.00781
19931007    -0.01837
19931008    -0.00535
19931011     0.00269
19931012     0.03485
19931013    -0.00518
19931014     0.01302
19931015    -0.03342
19931018    -0.01064
19931019    -0.02151
19931020    -0.00824
19931021    -0.01108
19931022     0.00000
19931025    -0.01120
19931026    -0.01700
19931027    -0.00865
19931028     0.02035
19931029     0.00570
19931101    -0.01133
19931102    -0.02579
19931103    -0.05310
19931104     0.00312
19931105     0.00932
19931108     0.03692
19931109     0.00890
19931110    -0.00294
19931111     0.00000
19931112    -0.01475
19931115    -0.00898
19931116    -0.00906
19931117    -0.00610
19931118    -0.02454
19931119     0.00629
19931122    -0.02187
19931123     0.03514
19931124    -0.01852
19931126     0.00629
19931129     0.00313
19931130    -0.00312
19931201     0.02187
19931202    -0.00306
19931203     0.01534
19931206     0.03625
19931207    -0.01749
19931208    -0.00593
19931209     0.00299
19931210    -0.02083
19931213     0.00000
19931214    -0.02432
19931215    -0.02492
19931216     0.00000
19931217     0.01597
19931220    -0.00629
19931221    -0.01582
19931222     0.01929
19931223     0.00000
19931227     0.00946
19931228    -0.01250
19931229    -0.01582
19931230    -0.02251
19931231     0.02303
19940103     0.03859
19940104     0.00310
19940105    -0.00617
19940106    -0.00932
19940107     0.02821
19940110    -0.01524
19940111    -0.00929
19940112     0.00000
19940113    -0.00313
19940114     0.00000
19940117    -0.00940
19940118     0.00000
19940119     0.00316
19940120    -0.00946
19940121     0.00000
19940124     0.00637
19940125     0.00316
19940126     0.01577
19940127     0.02174
19940128     0.00912
19940131     0.01506
19940201     0.00593
19940202     0.01479
19940203    -0.02041
19940204    -0.07440
19940207     0.02251
19940208    -0.01258
19940209     0.01592
19940210     0.00313
19940211    -0.00625
19940214    -0.00629
19940215    -0.00949
19940216     0.00000
19940217    -0.00958
19940218    -0.02258
19940222     0.00660
19940223     0.00000
19940224    -0.02623
19940225     0.01010
19940228    -0.01000
19940301    -0.04040
19940302    -0.01053
19940303     0.00000
19940304     0.01064
19940307     0.00351
19940308    -0.02098
19940309     0.02500
19940310    -0.01045
19940311     0.01408
19940314     0.00347
19940315     0.03460
19940316     0.00000
19940317    -0.00334
19940318    -0.03356
19940321     0.00000
19940322     0.02431
19940323     0.04407
19940324    -0.02273
19940325    -0.01329
19940328    -0.02357
19940329    -0.03793
19940330    -0.01075
19940331     0.02174
19940404    -0.01418
19940405     0.01799
19940406    -0.01060
19940407     0.00357
19940408     0.00000
19940411     0.03203
19940412     0.00345
19940413    -0.01375
19940414    -0.01045
19940415     0.00000
19940418    -0.02113
19940419     0.00000
19940420    -0.00360
19940421    -0.02527
19940422     0.04444
19940425    -0.01773
19940426     0.00722
19940428    -0.01434
19940429     0.01091
19940502    -0.01079
19940503     0.01527
19940504     0.01439
19940505    -0.01418
19940506    -0.01439
19940509    -0.02920
19940510     0.00752
19940511    -0.02239
19940512    -0.01145
19940513     0.01158
19940516    -0.00382
19940517     0.04215
19940518     0.02206
19940519     0.00000
19940520     0.01799
19940523    -0.03887
19940524     0.00368
19940525     0.00000
19940526    -0.02930
19940527     0.01132
19940531    -0.01866
19940601     0.00760
19940602    -0.02264
19940603     0.01544
19940606     0.00380
19940607    -0.00379
19940608     0.00760
19940609     0.01887
19940610    -0.00741
19940613     0.00000
19940614     0.05970
19940615     0.02113
19940616    -0.01724
19940617    -0.02456
19940620    -0.02158
19940621    -0.01471
19940622    -0.00373
19940623    -0.01873
19940624    -0.01145
19940627     0.00000
19940628    -0.01158
19940629     0.04297
19940630    -0.03371
19940701     0.00388
19940705    -0.02703
19940706     0.01587
19940707    -0.00391
19940708     0.00392
19940711    -0.01953
19940712    -0.01195
19940713     0.00403
19940714     0.00803
19940715    -0.00398
19940718     0.02800
19940719     0.00000
19940720     0.02335
19940721     0.01521
19940722     0.00749
19940725    -0.01859
19940726    -0.01136
19940727     0.01916
19940728    -0.01128
19940729     0.00760
19940801     0.03019
19940802     0.01538
19940803    -0.01449
19940804    -0.02206
19940805     0.00376
19940808     0.01498
19940809    -0.00738
19940810    -0.00372
19940811    -0.00373
19940812     0.01873
19940815     0.01103
19940816     0.00727
19940817     0.00361
19940818    -0.00360
19940819     0.00361
19940822    -0.01439
19940823     0.03285
19940824     0.02120
19940825     0.00000
19940826     0.01384
19940829     0.00341
19940830     0.00340
19940831     0.00339
19940901    -0.00338
19940902    -0.00339
19940906    -0.00340
19940907     0.00341
19940908    -0.00680
19940909    -0.02055
19940912    -0.02098
19940913     0.00714
19940914     0.00000
19940915     0.00709
19940916    -0.01408
19940919    -0.03214
19940920    -0.02583
19940921    -0.01515
19940922     0.01154
19940923    -0.02281
19940926     0.01167
19940927    -0.01154
19940928     0.03891
19940929    -0.02247
19940930     0.00766
19941003    -0.00760
19941004    -0.03448
19941005    -0.00397
19941006     0.00000
19941007     0.00398
19941010     0.01984
19941011     0.02335
19941012    -0.01521
19941013     0.03089
19941014    -0.01498
19941017    -0.01141
19941018     0.01538
19941019     0.02652
19941020    -0.02214
19941021     0.00000
19941024    -0.00755
19941025     0.01141
19941026     0.01880
19941027    -0.00369
19941028     0.02222
19941031     0.00725
19941101     0.01151
19941102    -0.01786
19941103     0.00000
19941104    -0.03636
19941107     0.02642
19941108     0.00368
19941109    -0.01099
19941110    -0.01111
19941111    -0.00749
19941114     0.00377
19941115     0.01504
19941116    -0.01111
19941117    -0.02247
19941118    -0.01149
19941121    -0.01163
19941122    -0.02745
19941123     0.02419
19941125     0.01181
19941128     0.00389
19941129     0.00000
19941130     0.01550
19941201    -0.01145
19941202     0.02703
19941205     0.00752
19941206    -0.00746
19941207    -0.01880
19941208    -0.02299
19941209    -0.01961
19941212     0.01200
19941213    -0.00395
19941214     0.00794
19941215     0.00394
19941216     0.00000
19941219     0.02745
19941220    -0.01145
19941221     0.01931
19941222    -0.04545
19941223     0.03175
19941227     0.03462
19941228    -0.01487
19941229    -0.00377
19941230    -0.01894
19950103     0.01931
19950104     0.01136
19950105     0.00375
19950106     0.02985
19950109    -0.00362
19950110     0.01455
19950111    -0.00717
19950112    -0.00722
19950113     0.01818
19950116     0.03214
19950117    -0.02076
19950118     0.01060
19950119    -0.02448
19950120    -0.01075
19950123    -0.00725
19950124     0.02190
19950125     0.01786
19950126     0.00702
19950127     0.01045
19950130     0.01034
19950131     0.01229
19950201     0.00339
19950202     0.00676
19950203     0.06040
19950206    -0.00316
19950207    -0.00635
19950208     0.00319
19950209    -0.00318
19950210    -0.00639
19950213     0.00000
19950214     0.00000
19950215     0.01286
19950216    -0.01270
19950217    -0.00643
19950221     0.00647
19950222    -0.00322
19950223     0.00968
19950224     0.01597
19950227    -0.01572
19950228    -0.00639
19950301    -0.01608
19950302    -0.00654
19950303    -0.00987
19950306    -0.00997
19950307    -0.01342
19950308     0.01020
19950309    -0.00673
19950310     0.02373
19950313     0.01325
19950314     0.01307
19950315    -0.00968
19950316     0.02280
19950317    -0.01274
19950320     0.00000
19950321    -0.01935
19950322     0.01645
19950323    -0.00971
19950324     0.01961
19950327     0.00641
19950328    -0.00955
19950329    -0.00643
19950330     0.00000
19950331     0.00000
19950403    -0.01294
19950404     0.02295
19950405    -0.00962
19950406     0.01618
19950407     0.00637
19950410     0.00633
19950411    -0.00314
19950412    -0.00315
19950413    -0.00316
19950417     0.01587
19950418     0.00313
19950419    -0.00935
19950420    -0.02201
19950421     0.01286
19950424     0.04127
19950425    -0.00915
19950426     0.00923
19950427     0.01220
19950428    -0.00301
19950501    -0.00302
19950502    -0.00121
19950503     0.02134
19950504     0.00597
19950505     0.01187
19950508     0.00000
19950509     0.01760
19950510     0.01441
19950511    -0.02273
19950512    -0.01744
19950515     0.03846
19950516    -0.00855
19950517    -0.01724
19950518    -0.02632
19950519     0.01201
19950522    -0.00593
19950523     0.01194
19950524    -0.00295
19950525    -0.01775
19950526     0.00904
19950530    -0.00597
19950531     0.01201
19950601     0.03264
19950602     0.02299
19950605    -0.00281
19950606    -0.00845
19950607    -0.03125
19950608    -0.01466
19950609    -0.01190
19950612     0.00904
19950613     0.01791
19950614    -0.01466
19950615     0.00000
19950616     0.00000
19950619     0.02679
19950620    -0.01739
19950621     0.02065
19950622     0.03179
19950623    -0.00280
19950626    -0.03090
19950627    -0.01449
19950628     0.00294
19950629     0.02346
19950630     0.00287
19950703     0.01429
19950705     0.00563
19950706     0.00560
19950707     0.02786
19950710     0.00271
19950711    -0.00811
19950712     0.00817
19950713    -0.01081
19950714    -0.00820
19950717     0.03857
19950718    -0.00265
19950719    -0.03723
19950720    -0.01105
19950721     0.00000
19950724     0.01117
19950725     0.00552
19950726     0.01923
19950727     0.00270
19950728     0.01075
19950731     0.00798
19950801    -0.00792
19950802     0.01064
19950803    -0.00632
19950804     0.00266
19950807     0.01857
19950808     0.00260
19950809    -0.00779
19950810    -0.01309
19950811    -0.00265
19950814     0.00532
19950815     0.00000
19950816    -0.00529
19950817    -0.01596
19950818     0.01892
19950821    -0.00265
19950822     0.01596
19950823     0.00262
19950824     0.01305
19950825     0.01804
19950828    -0.02025
19950829    -0.00517
19950830    -0.00260
19950831     0.00000
19950901     0.00521
19950905     0.02591
19950906    -0.00758
19950907    -0.00509
19950908     0.02302
19950911     0.00000
19950912     0.01000
19950913     0.00495
19950914     0.02956
19950915     0.00957
19950918    -0.00711
19950919     0.00000
19950920    -0.00716
19950921    -0.01923
19950922    -0.01471
19950925     0.00000
19950926     0.00995
19950927     0.00739
19950928     0.02934
19950929     0.00950
19951002    -0.00941
19951003    -0.00114
19951004    -0.01432
19951005    -0.00242
19951006     0.02670
19951009    -0.01655
19951010    -0.01923
19951011     0.01225
19951012     0.03874
19951013     0.01166
19951016    -0.02074
19951017     0.00941
19951018    -0.00932
19951019    -0.01647
19951020    -0.03349
19951023    -0.01980
19951024     0.00000
19951025     0.00758
19951026    -0.00752
19951027     0.01010
19951030     0.00250
19951031     0.00748
19951101     0.02723
19951102     0.01831
19951103     0.01663
19951106     0.02103
19951107    -0.02517
19951108     0.04225
19951109     0.02928
19951110    -0.03063
19951113    -0.02483
19951114    -0.02778
19951115     0.01190
19951116     0.02353
19951117     0.01149
19951120    -0.01818
19951121    -0.01389
19951122     0.00000
19951124     0.02347
19951127    -0.01606
19951128     0.02797
19951129     0.06803
19951130     0.01062
19951201    -0.00210
19951204     0.01474
19951205     0.03527
19951206    -0.00601
19951207    -0.01008
19951208    -0.00611
19951211    -0.00410
19951212    -0.00206
19951213     0.00825
19951214     0.00409
19951215    -0.01426
19951218    -0.03512
19951219     0.00857
19951220    -0.01911
19951221    -0.00866
19951222     0.02620
19951226     0.02766
19951227     0.03934
19951228     0.01195
19951229    -0.01378
19960102    -0.01397
19960103    -0.00810
19960104     0.00612
19960105    -0.01623
19960108    -0.00619
19960109    -0.02282
19960110    -0.02335
19960111     0.00000
19960112     0.02609
19960115    -0.00636
19960116     0.02345
19960117     0.03542
19960118    -0.02414
19960119     0.01237
19960122    -0.00407
19960123     0.01022
19960124     0.00405
19960125    -0.01613
19960126    -0.00410
19960129     0.02469
19960130     0.03414
19960131     0.02136
19960201    -0.00989
19960202    -0.01927
19960205     0.00000
19960206     0.00589
19960207     0.00586
19960208     0.01553
19960209    -0.00191
19960212     0.01341
19960213     0.00945
19960214     0.01124
19960215     0.00185
19960216    -0.00555
19960220    -0.02045
19960221     0.00569
19960222     0.03962
19960223     0.01452
19960226    -0.00716
19960227    -0.00541
19960228     0.00181
19960229    -0.03255
19960301     0.02056
19960304     0.00549
19960305    -0.01457
19960306     0.00000
19960307    -0.00555
19960308    -0.05948
19960311    -0.00988
19960312    -0.02196
19960313     0.02449
19960314    -0.00199
19960315    -0.00599
19960318     0.02811
19960319     0.00195
19960320    -0.00390
19960321     0.00783
19960322     0.00777
19960325    -0.00578
19960326     0.01550
19960327    -0.00382
19960328    -0.00766
19960329     0.01931
19960401     0.00379
19960402    -0.00377
19960403     0.00189
19960404    -0.00378
19960408    -0.05123
19960409    -0.01200
19960410    -0.03644
19960411    -0.00630
19960412     0.02960
19960415     0.02464
19960416    -0.00601
19960417    -0.02621
19960418     0.00414
19960419     0.00825
19960422     0.00613
19960423     0.01829
19960424    -0.01597
19960425     0.00609
19960426     0.00202
19960429    -0.00805
19960430    -0.00203
19960501    -0.00610
19960502    -0.02904
19960503    -0.02114
19960506    -0.01296
19960507    -0.00219
19960508     0.03509
19960509    -0.00424
19960510     0.00851
19960513     0.01266
19960514     0.01250
19960515     0.00412
19960516    -0.00205
19960517     0.01437
19960520     0.00405
19960521     0.00806
19960522     0.00800
19960523    -0.01190
19960524     0.00201
19960528    -0.02004
19960529     0.00307
19960530     0.01835
19960531    -0.00300
19960603     0.00301
19960604     0.01802
19960605     0.02065
19960606    -0.00578
19960607    -0.03198
19960610     0.01802
19960611     0.00590
19960612     0.00880
19960613     0.01453
19960614    -0.01146
19960617     0.00000
19960618     0.01449
19960619    -0.00857
19960620    -0.00576
19960621     0.01159
19960624     0.00573
19960625     0.02564
19960626    -0.01389
19960627     0.00845
19960628     0.01955
19960701     0.00822
19960702     0.01630
19960703    -0.01872
19960705    -0.02997
19960708    -0.02247
19960709    -0.00287
19960710    -0.01153
19960711    -0.03790
19960712     0.01212
19960715    -0.03293
19960716     0.00929
19960717     0.02454
19960718     0.02096
19960719    -0.01466
19960722    -0.02083
19960723     0.00000
19960724    -0.01216
19960725     0.00923
19960726    -0.00610
19960729     0.00613
19960730    -0.00915
19960731     0.04000
19960801     0.04793
19960802     0.01700
19960805    -0.01393
19960806     0.00847
19960807     0.02521
19960808    -0.00546
19960809    -0.00275
19960812     0.01102
19960813    -0.01907
19960814    -0.00556
19960815    -0.00279
19960816     0.02241
19960819     0.00548
19960820     0.00817
19960821    -0.01081
19960822     0.01093
19960823    -0.01081
19960826    -0.00273
19960827     0.00548
19960828    -0.01362
19960829    -0.02210
19960830    -0.01977
19960903     0.02017
19960904    -0.01695
19960905    -0.01149
19960906     0.01744
19960909     0.02857
19960910    -0.00556
19960911     0.00838
19960912     0.00831
19960913     0.03022
19960916     0.00267
19960917     0.00000
19960918    -0.01596
19960919     0.01622
19960920     0.01064
19960923     0.00000
19960924    -0.00789
19960925     0.01592
19960926     0.01828
19960927     0.00256
19960930     0.00512
19961001     0.01527
19961002     0.02256
19961003     0.00000
19961004     0.04167
19961007     0.00000
19961008    -0.02118
19961009    -0.01202
19961010    -0.01217
19961011     0.02217
19961014     0.02169
19961015    -0.00472
19961016     0.00000
19961017     0.00948
19961018    -0.00469
19961021     0.00472
19961022    -0.00469
19961023     0.00943
19961024    -0.00467
19961025    -0.01174
19961028    -0.00950
19961029     0.04317
19961030    -0.00690
19961031     0.00741
19961101     0.00000
19961104     0.02074
19961105     0.04063
19961106     0.04555
19961107     0.00622
19961108     0.03093
19961111    -0.04200
19961112     0.01253
19961113    -0.01237
19961114     0.00000
19961115     0.00835
19961118     0.00000
19961119     0.00207
19961120     0.00413
19961121    -0.01852
19961122     0.00839
19961125     0.03395
19961126    -0.02145
19961127    -0.01096
19961129    -0.00277
19961202    -0.01111
19961203    -0.01966
19961204    -0.00752
19961205    -0.01263
19961206    -0.00877
19961209     0.04130
19961210     0.00000
19961211    -0.02550
19961212    -0.02326
19961213     0.00595
19961216    -0.00296
19961217     0.00593
19961218     0.02065
19961219     0.02601
19961220     0.01972
19961223     0.00552
19961224     0.01648
19961226     0.00270
19961227    -0.00539
19961230     0.02710
19961231    -0.04222
19970102    -0.01928
19970103     0.01404
19970106     0.00554
19970107    -0.00826
19970108    -0.00278
19970109     0.02228
19970110    -0.01362
19970113     0.04144
19970114     0.02918
19970115    -0.01546
19970116     0.00785
19970117     0.05195
19970120     0.02716
19970121    -0.01442
19970122     0.04634
19970123    -0.02331
19970124    -0.02387
19970127    -0.01222
19970128     0.00743
19970129     0.00246
19970130     0.03235
19970131    -0.00238
19970203     0.04057
19970204     0.00000
19970205    -0.02064
19970206    -0.00468
19970207    -0.01176
19970210    -0.01190
19970211     0.01687
19970212     0.05213
19970213     0.02027
19970214    -0.01987
19970218     0.04955
19970219    -0.01502
19970220    -0.04139
19970221    -0.00455
19970224     0.01826
19970225     0.03587
19970226    -0.03896
19970227    -0.04054
19970228     0.00704
19970303     0.01865
19970304    -0.03661
19970305     0.03800
19970306     0.00000
19970307     0.01602
19970310     0.02027
19970311    -0.00883
19970312    -0.02673
19970313    -0.03204
19970314     0.00709
19970317    -0.02582
19970318     0.01446
19970319    -0.00950
19970320    -0.03118
19970321     0.00495
19970324     0.04926
19970325     0.00939
19970326    -0.02791
19970327    -0.02632
19970331    -0.05651
19970401     0.03906
19970402    -0.05263
19970403     0.02381
19970404    -0.00775
19970407     0.02083
19970408     0.00510
19970409     0.00000
19970410    -0.00508
19970411    -0.05357
19970414     0.04313
19970415     0.03876
19970416     0.01493
19970417    -0.01716
19970418    -0.00249
19970421    -0.03250
19970422     0.03618
19970423    -0.00249
19970424    -0.01750
19970425    -0.00509
19970428     0.02813
19970429     0.09453
19970430     0.00909
19970501    -0.02432
19970502     0.01157
19970505     0.03204
19970506     0.00887
19970507    -0.04396
19970508     0.02759
19970509    -0.01566
19970512     0.01136
19970513     0.00899
19970514     0.00445
19970515    -0.00665
19970516    -0.01339
19970519     0.00905
19970520     0.03363
19970521    -0.03037
19970522    -0.00671
19970523     0.01802
19970527    -0.00885
19970528    -0.00670
19970529    -0.01798
19970530     0.00686
19970602    -0.00227
19970603     0.01595
19970604    -0.00897
19970605     0.01584
19970606     0.03118
19970609     0.01080
19970610     0.02564
19970611     0.01667
19970612     0.03074
19970613     0.01193
19970616    -0.01768
19970617     0.01800
19970618     0.01572
19970619     0.00193
19970620     0.01931
19970623    -0.03788
19970624     0.01378
19970625    -0.00388
19970626    -0.01365
19970627     0.00791
19970630    -0.01078
19970701     0.02676
19970702     0.03282
19970703    -0.00280
19970707     0.01312
19970708    -0.01018
19970709    -0.01308
19970710     0.01136
19970711    -0.00843
19970714    -0.01511
19970715     0.01630
19970716     0.03396
19970717    -0.01095
19970718    -0.01753
19970721    -0.01221
19970722     0.03137
19970723     0.00737
19970724     0.03568
19970725    -0.01502
19970728    -0.00090
19970729     0.02513
19970730     0.00525
19970731     0.00470
19970801    -0.01390
19970804    -0.01850
19970805     0.00359
19970806     0.00179
19970807    -0.01964
19970808    -0.03643
19970811     0.01890
19970812    -0.02226
19970813     0.03131
19970814     0.00460
19970815    -0.03480
19970818     0.01328
19970819     0.02060
19970820     0.01101
19970821    -0.02178
19970822    -0.00835
19970825    -0.00842
19970826    -0.02075
19970827    -0.00963
19970828    -0.00389
19970829    -0.00781
19970902     0.05315
19970903     0.01308
19970904    -0.00369
19970905     0.00000
19970908     0.00093
19970909     0.00833
19970910    -0.02936
19970911    -0.01701
19970912     0.01923
19970915     0.00094
19970916     0.05844
19970917    -0.00445
19970918     0.00894
19970919     0.00089
19970922     0.02480
19970923    -0.00346
19970924    -0.03643
19970925    -0.01260
19970926     0.00912
19970929    -0.01084
19970930    -0.00183
19971001     0.01464
19971002     0.00902
19971003     0.02502
19971006     0.03836
19971007     0.01092
19971008    -0.00914
19971009    -0.00084
19971010     0.00000
19971013     0.01091
19971014     0.00166
19971015    -0.00994
19971016    -0.01088
19971017    -0.01354
19971020     0.00772
19971021     0.02383
19971022     0.01579
19971023    -0.02046
19971024    -0.02506
19971027    -0.10883
19971028     0.07404
19971029     0.00985
19971030    -0.01294
19971031     0.00810
19971103     0.01964
19971104     0.02189
19971105     0.02228
19971106     0.00922
19971107    -0.01412
19971110    -0.01516
19971111    -0.01198
19971112    -0.04502
19971113     0.00997
19971114     0.01436
19971117     0.04071
19971118    -0.01786
19971119     0.01732
19971120     0.04170
19971121    -0.01103
19971124    -0.01859
19971125    -0.00253
19971126    -0.00253
19971128     0.03299
19971201     0.06265
19971202     0.01503
19971203     0.02961
19971204    -0.00774
19971205    -0.00111
19971208    -0.00670
19971209    -0.02135
19971210    -0.01378
19971211    -0.02445
19971212     0.00597
19971215     0.02254
19971216     0.01856
19971217     0.01936
19971218    -0.01453
19971219    -0.03855
19971222    -0.01887
19971223     0.00841
19971224    -0.01788
19971226     0.00121
19971229     0.01091
19971230     0.03118
19971231     0.00233
19980102    -0.00696
19980105    -0.00701
19980106     0.00471
19980107    -0.03279
19980108    -0.02663
19980109    -0.05100
19980112    -0.00917
19980113     0.05026
19980114     0.01259
19980115    -0.00995
19980116     0.01884
19980120     0.00123
19980121    -0.01478
19980122    -0.03375
19980123    -0.00647
19980126    -0.01953
19980127     0.04914
19980128     0.01519
19980129     0.00000
19980130    -0.01122
19980202     0.05170
19980203     0.02158
19980204    -0.00117
19980205    -0.00118
19980206    -0.00118
19980209     0.00354
19980210     0.02353
19980211    -0.00460
19980212     0.01386
19980213    -0.00456
19980217     0.01144
19980218     0.00905
19980219    -0.01121
19980220     0.01701
19980223    -0.00780
19980224    -0.01011
19980225     0.01703
19980226     0.00000
19980227    -0.00670
19980302    -0.01348
19980303     0.01367
19980304    -0.00899
19980305     0.00907
19980306     0.00225
19980309    -0.00448
19980310     0.04054
19980311     0.02165
19980312     0.01695
19980313     0.00625
19980316    -0.00207
19980317     0.01245
19980318    -0.00615
19980319     0.00309
19980320     0.01953
19980323    -0.02319
19980324     0.02374
19980325     0.00806
19980326     0.01000
19980327    -0.01782
19980330    -0.02419
19980331    -0.00826
19980401    -0.00625
19980402     0.02725
19980403     0.00714
19980406     0.18338
19980407    -0.06336
19980408    -0.01645
19980409     0.00093
19980413    -0.01207
19980414     0.00564
19980415    -0.03178
19980416    -0.02220
19980417     0.02270
19980420    -0.00579
19980421     0.00971
19980422     0.00385
19980423    -0.02299
19980424    -0.01373
19980427    -0.02584
19980428    -0.00816
19980429    -0.00103
19980430     0.01030
19980501     0.01634
19980504    -0.00503
19980505    -0.01212
19980506    -0.02045
19980507     0.00626
19980508    -0.01037
19980511     0.01782
19980512     0.02060
19980513    -0.00505
19980514    -0.01420
19980515     0.03086
19980518     0.00000
19980519     0.01497
19980520     0.02065
19980521    -0.02216
19980522    -0.00493
19980526    -0.00594
19980527    -0.02689
19980528     0.00921
19980529    -0.00609
19980601     0.02857
19980602     0.01389
19980603    -0.02153
19980604     0.01000
19980605     0.01980
19980608     0.00777
19980609    -0.00385
19980610    -0.01547
19980611    -0.02554
19980612     0.00403
19980615    -0.03815
19980616     0.00209
19980617     0.03333
19980618    -0.00605
19980619    -0.00507
19980622    -0.01019
19980623     0.00412
19980624     0.02872
19980625    -0.00997
19980626    -0.00906
19980629    -0.00102
19980630    -0.01322
19980701     0.04124
19980702     0.00792
19980706     0.00295
19980707     0.01175
19980708     0.07260
19980709    -0.01264
19980710     0.00914
19980713     0.01540
19980714     0.01427
19980715    -0.00967
19980716     0.00799
19980717     0.01057
19980720     0.01308
19980721    -0.04991
19980722     0.00362
19980723    -0.03069
19980724    -0.00931
19980727     0.01504
19980728    -0.02222
19980729     0.00379
19980730     0.03302
19980731    -0.01555
19980803    -0.02881
19980804    -0.05407
19980805     0.01568
19980806     0.00598
19980807    -0.03069
19980810     0.00613
19980811    -0.04569
19980812     0.00745
19980813    -0.04118
19980814    -0.01322
19980817     0.03906
19980818     0.02363
19980819    -0.02308
19980820    -0.03437
19980821    -0.02781
19980824    -0.01373
19980825     0.02320
19980826    -0.00907
19980827    -0.07551
19980828    -0.04332
19980831    -0.08797
19980901    -0.01560
19980902     0.02594
19980903    -0.07584
19980904    -0.05015
19980908     0.08000
19980909    -0.05037
19980910    -0.01404
19980911     0.03481
19980914     0.01529
19980915     0.03464
19980916     0.00437
19980917    -0.05652
19980918    -0.01229
19980921    -0.01400
19980922    -0.00631
19980923     0.09048
19980924    -0.07715
19980925     0.01577
19980928     0.00621
19980929    -0.03241
19980930    -0.04306
19981001    -0.04667
19981002     0.07867
19981005    -0.10535
19981006     0.00000
19981007    -0.07971
19981008     0.02362
19981009     0.09038
19981012    -0.01411
19981013    -0.00626
19981014     0.02610
19981015     0.11754
19981016     0.05024
19981019     0.02242
19981020     0.05994
19981021    -0.03034
19981022     0.02560
19981023     0.03467
19981026    -0.00670
19981027    -0.05938
19981028     0.01722
19981029     0.03086
19981030     0.03297
19981102    -0.01862
19981103    -0.04336
19981104     0.00000
19981105     0.01983
19981106     0.02500
19981109    -0.02710
19981110    -0.03064
19981111    -0.02586
19981112    -0.01032
19981113     0.03428
19981116     0.01729
19981117     0.02691
19981118    -0.02345
19981119     0.00424
19981120     0.01406
19981123     0.08738
19981124     0.03316
19981125     0.03457
19981127     0.00955
19981130    -0.04965
19981201    -0.00498
19981202     0.00625
19981203    -0.04224
19981204     0.02853
19981207    -0.01009
19981208    -0.01146
19981209     0.01546
19981210    -0.02665
19981211    -0.00391
19981214    -0.03534
19981215     0.05834
19981216    -0.02308
19981217     0.04987
19981218    -0.00250
19981221     0.02506
19981222    -0.01345
19981223     0.02602
19981224    -0.00242
19981228    -0.01090
19981229    -0.00122
19981230    -0.00858
19981231    -0.01731
19990104     0.01258
19990105     0.01863
19990106     0.06098
19990107     0.07586
19990108    -0.00962
19990111    -0.00324
19990112    -0.03463
19990113    -0.06390
19990114    -0.02515
19990115     0.01229
19990119     0.00121
19990120     0.03273
19990121    -0.01526
19990122    -0.01549
19990125     0.03148
19990126     0.04225
19990127    -0.02703
19990128     0.03111
19990129     0.01014
19990201    -0.02787
19990202    -0.02638
19990203     0.02473
19990204    -0.02299
19990205    -0.00471
19990208    -0.00709
19990209    -0.03571
19990210     0.03457
19990211     0.02387
19990212    -0.03263
19990216     0.03012
19990217    -0.00702
19990218    -0.00236
19990219     0.02361
19990222     0.02307
19990223     0.04961
19990224    -0.02148
19990225     0.01427
19990226     0.01732
19990301     0.04255
19990302    -0.03673
19990303    -0.01907
19990304     0.04212
19990305     0.02383
19990308     0.00405
19990309     0.00806
19990310     0.02400
19990311     0.03027
19990312     0.00000
19990315     0.00000
19990316    -0.02180
19990317    -0.02713
19990318     0.03088
19990319    -0.00676
19990322    -0.00973
19990323    -0.03929
19990324    -0.01636
19990325     0.04782
19990326     0.00595
19990329     0.01183
19990330     0.00000
19990331    -0.00390
19990401     0.01272
19990405     0.02802
19990406     0.00752
19990407     0.06996
19990408     0.01831
19990409     0.00856
19990412     0.00509
19990413     0.01689
19990414    -0.02492
19990415    -0.03152
19990416     0.00792
19990419    -0.01396
19990420     0.03097
19990421     0.01631
19990422     0.01351
19990423    -0.00167
19990426    -0.01419
19990427     0.02286
19990428    -0.01242
19990429     0.02629
19990430    -0.01884
19990503     0.00167
19990504    -0.03667
19990505     0.00692
19990506    -0.04038
19990507     0.00448
19990510     0.01693
19990511     0.01665
19990512     0.01983
19990513    -0.00676
19990514    -0.03319
19990517    -0.01408
19990518    -0.01339
19990519     0.01991
19990520    -0.02041
19990521    -0.01721
19990524    -0.03963
19990525    -0.03647
19990526     0.03088
19990527    -0.01932
19990528     0.04433
19990601    -0.02783
19990602    -0.03057
19990603     0.01502
19990604     0.03402
19990607     0.01144
19990608    -0.02263
19990609     0.00289
19990610    -0.02453
19990611     0.01923
19990614    -0.02177
19990615     0.04006
19990616     0.05278
19990617     0.01762
19990618    -0.01332
19990621     0.01080
19990622    -0.01202
19990623    -0.01216
19990624    -0.04104
19990625     0.00000
19990628     0.04993
19990629     0.00136
19990630     0.03121
19990701     0.02105
19990702     0.00902
19990706    -0.00128
19990707    -0.00256
19990708    -0.01026
19990709     0.01425
19990712    -0.00383
19990713    -0.02179
19990714    -0.00524
19990715     0.01186
19990716     0.02083
19990719     0.00383
19990720    -0.01144
19990721    -0.02185
19990722     0.00657
19990723    -0.01044
19990726    -0.00528
19990727     0.00265
19990728     0.00661
19990729    -0.03516
19990730    -0.02596
19990802    -0.00982
19990803     0.00000
19990804    -0.00425
19990805     0.00142
19990806    -0.03409
19990809     0.00294
19990810    -0.00880
19990811     0.03698
19990812     0.00571
19990813     0.04255
19990816     0.00816
19990817     0.02834
19990818    -0.01772
19990819    -0.02472
19990820     0.01507
19990823     0.04858
19990824     0.00901
19990825     0.00000
19990826    -0.02679
19990827    -0.01442
19990830    -0.04787
19990831    -0.00698
19990901     0.00985
19990902    -0.02089
19990903     0.03841
19990907    -0.01781
19990908    -0.01534
19990909    -0.00850
19990910    -0.00857
19990913     0.00000
19990914    -0.00720
19990915     0.00000
19990916     0.00290
19990917     0.01158
19990920     0.00858
19990921    -0.02979
19990922     0.00292
19990923     0.00583
19990924     0.01449
19990927    -0.02000
19990928     0.02041
19990929    -0.02429
19990930     0.03075
19991001    -0.01705
19991004     0.03324
19991005     0.01119
19991006     0.02628
19991007    -0.01078
19991008     0.01499
19991011    -0.01477
19991012    -0.00817
19991013    -0.03709
19991014     0.00285
19991015    -0.04125
19991018     0.03709
19991019     0.02861
19991020     0.02921
19991021     0.01486
19991022     0.02663
19991025    -0.00778
19991026     0.01438
19991027     0.05799
19991028     0.05754
19991029     0.00231
19991101    -0.01613
19991102     0.00585
19991103    -0.01281
19991104     0.01179
19991105     0.01399
19991108    -0.00805
19991109    -0.02086
19991110    -0.00355
19991111    -0.00950
19991112     0.05276
19991115     0.01822
19991116     0.04027
19991117    -0.03011
19991118    -0.00222
19991119     0.00444
19991122    -0.00885
19991123    -0.01786
19991124    -0.01932
19991126     0.00811
19991129    -0.01379
19991130     0.00466
19991201     0.00812
19991202    -0.00115
19991203     0.04608
19991206    -0.00771
19991207     0.01554
19991208    -0.02842
19991209    -0.00787
19991210     0.02041
19991213    -0.01556
19991214    -0.03386
19991215     0.01869
19991216    -0.00917
19991217     0.00926
19991220    -0.01950
19991221     0.03392
19991222    -0.00452
19991223     0.01818
19991227    -0.02679
19991228     0.01606
19991229    -0.00903
19991230     0.00797
19991231     0.00678
20000103    -0.05051
20000104    -0.04255
20000105     0.00370
20000106     0.06519
20000107    -0.00231
20000110    -0.00116
20000111    -0.01506
20000112     0.03529
20000113     0.01023
20000114     0.04387
20000118     0.00862
20000119     0.02137
20000120    -0.03556
20000121    -0.02061
20000124    -0.02215
20000125     0.01246
20000126     0.04027
20000127     0.01505
20000128    -0.04873
20000131     0.01559
20000201     0.02193
20000202    -0.02039
20000203    -0.01034
20000204    -0.02775
20000207    -0.00685
20000208     0.02529
20000209    -0.02803
20000210    -0.00923
20000211     0.00582
20000214     0.00000
20000215     0.00579
20000216    -0.00748
20000217    -0.02609
20000218    -0.02024
20000222     0.00122
20000223    -0.01699
20000224    -0.02222
20000225    -0.02273
20000228     0.02067
20000229     0.04937
20000301    -0.00362
20000302    -0.00242
20000303     0.03762
20000306    -0.02339
20000307    -0.03473
20000308    -0.00744
20000309     0.00750
20000310    -0.02730
20000313     0.01913
20000314    -0.00375
20000315     0.05025
20000316     0.09091
20000317     0.00000
20000320    -0.01425
20000321     0.03337
20000322     0.00296
20000323     0.05930
20000324    -0.01824
20000327    -0.00826
20000328     0.01561
20000329    -0.00410
20000330    -0.02058
20000331     0.00630
20000403     0.03445
20000404    -0.04743
20000405    -0.00742
20000406     0.01281
20000407    -0.00527
20000410     0.05508
20000411     0.01908
20000412    -0.00296
20000413    -0.01087
20000414    -0.07293
20000417     0.02155
20000418     0.04852
20000419    -0.04024
20000420     0.02725
20000424     0.00918
20000425     0.04348
20000426    -0.03101
20000427    -0.01344
20000428    -0.03150
20000501     0.01259
20000502     0.01347
20000503    -0.01636
20000504    -0.02495
20000505     0.01599
20000508     0.00315
20000509    -0.00732
20000510    -0.04847
20000511     0.04430
20000512     0.02121
20000515     0.04465
20000516    -0.01889
20000517    -0.01013
20000518     0.00819
20000519    -0.01015
20000522     0.00615
20000523     0.01631
20000524    -0.01505
20000525    -0.04582
20000526    -0.00534
20000530     0.03541
20000531     0.03109
20000601     0.01809
20000602     0.04640
20000605     0.00283
20000606    -0.02446
20000607     0.02122
20000608    -0.02550
20000609    -0.00775
20000612     0.00000
20000613     0.02051
20000614     0.02775
20000615    -0.03352
20000616    -0.03372
20000619     0.02094
20000620     0.00586
20000621    -0.02136
20000622    -0.01389
20000623    -0.00402
20000626     0.03535
20000627    -0.00488
20000628     0.00588
20000629    -0.02047
20000630    -0.04080
20000703     0.03631
20000705     0.01301
20000706     0.00988
20000707     0.02055
20000710     0.00096
20000711     0.01149
20000712     0.01705
20000713    -0.00372
20000714     0.01589
20000717    -0.02300
20000718     0.00471
20000719     0.01781
20000720     0.03959
20000721     0.00620
20000724    -0.00352
20000725    -0.00442
20000726    -0.01154
20000727     0.00449
20000728    -0.02324
20000731     0.03294
20000801    -0.00089
20000802     0.00355
20000803     0.00971
20000804     0.03158
20000807     0.00340
20000808    -0.01271
20000809    -0.00258
20000810    -0.01979
20000811     0.01756
20000814     0.02243
20000815    -0.00169
20000816    -0.01437
20000817     0.02573
20000818     0.00000
20000821     0.02843
20000822     0.00732
20000823    -0.01130
20000824     0.00163
20000825    -0.00978
20000828     0.01838
20000829     0.00216
20000830    -0.01720
20000831     0.02188
20000901    -0.01178
20000905     0.00433
20000906    -0.05178
20000907    -0.00683
20000908     0.02635
20000911     0.01116
20000912    -0.00442
20000913    -0.01441
20000914    -0.00112
20000915    -0.01464
20000918    -0.02171
20000919     0.01402
20000920    -0.01267
20000921    -0.00933
20000922    -0.00589
20000925     0.02607
20000926    -0.01155
20000927    -0.02103
20000928     0.02745
20000929     0.00465
20001002     0.02428
20001003     0.02709
20001004    -0.03736
20001005     0.02511
20001006    -0.04677
20001009    -0.01636
20001010    -0.03088
20001011    -0.02941
20001012    -0.05556
20001013     0.06551
20001016     0.02008
20001017    -0.02829
20001018     0.00380
20001019     0.03531
20001020    -0.00731
20001023    -0.00982
20001024     0.02478
20001025    -0.02056
20001026    -0.03210
20001027     0.02551
20001030     0.02612
20001031     0.02061
20001101    -0.01781
20001102     0.02931
20001103     0.01649
20001106     0.01738
20001107    -0.00228
20001108    -0.03082
20001109    -0.00707
20001110    -0.02254
20001113    -0.01942
20001114     0.00495
20001115    -0.01108
20001116     0.02989
20001117    -0.01149
20001120    -0.03364
20001121    -0.00506
20001122    -0.04198
20001124     0.00531
20001127     0.00264
20001128     0.00395
20001129     0.03806
20001130     0.00759
20001201    -0.01757
20001204    -0.02299
20001205     0.06144
20001206    -0.01970
20001207     0.00000
20001208     0.03518
20001211     0.02670
20001212    -0.00473
20001213     0.00713
20001214    -0.04245
20001215    -0.05296
20001218     0.02731
20001219     0.01772
20001220    -0.04478
20001221     0.01563
20001222     0.02692
20001226     0.01748
20001227    -0.00123
20001228     0.00737
20001229    -0.00366
20010102    -0.01102
20010103     0.08787
20010104     0.01365
20010105    -0.03591
20010108    -0.00582
20010109    -0.02225
20010110     0.03353
20010111     0.01970
20010112    -0.03409
20010116     0.02941
20010117    -0.01600
20010118     0.00813
20010119     0.00230
20010122    -0.00920
20010123     0.01856
20010124     0.01708
20010125    -0.00896
20010126    -0.00226
20010129     0.01835
20010130     0.00000
20010131    -0.00409
20010201     0.00500
20010202    -0.01158
20010205     0.01515
20010206    -0.02078
20010207    -0.01397
20010208    -0.00478
20010209    -0.00092
20010212     0.02590
20010213    -0.01551
20010214    -0.01722
20010215     0.00783
20010216    -0.00129
20010220    -0.05185
20010221    -0.05664
20010222     0.00621
20010223    -0.00823
20010226     0.04357
20010227    -0.00994
20010228    -0.01245
20010301    -0.01078
20010302    -0.01336
20010305     0.00521
20010306     0.00788
20010307     0.03743
20010308     0.00595
20010309    -0.03192
20010312    -0.04132
20010313     0.02739
20010314    -0.07212
20010315     0.03341
20010316    -0.01940
20010319     0.01758
20010320    -0.04320
20010321    -0.04628
20010322    -0.03905
20010323     0.05542
20010326     0.03151
20010327     0.05090
20010328    -0.02906
20010329    -0.00887
20010330     0.00626
20010402     0.01601
20010403    -0.04376
20010404    -0.02288
20010405     0.05386
20010406    -0.05000
20010409     0.00187
20010410     0.06000
20010411     0.02070
20010412     0.02072
20010416    -0.00740
20010417     0.02066
20010418     0.04445
20010419     0.00500
20010420    -0.01750
20010423    -0.01882
20010424     0.00433
20010425     0.01232
20010426     0.00426
20010427     0.02828
20010430    -0.03457
20010501     0.02543
20010502     0.00397
20010503     0.01067
20010504    -0.00431
20010507    -0.00256
20010508    -0.01678
20010509    -0.00703
20010510     0.00303
20010511    -0.00685
20010514     0.01705
20010515     0.00898
20010516     0.02453
20010517    -0.02124
20010518     0.00335
20010521     0.01376
20010522     0.01920
20010523    -0.01028
20010524     0.01077
20010525    -0.01351
20010529    -0.00501
20010530    -0.01589
20010531     0.00926
20010601     0.01073
20010604     0.00927
20010605     0.00555
20010606    -0.01351
20010607    -0.00829
20010608    -0.00933
20010611    -0.01079
20010612    -0.00040
20010613    -0.00973
20010614    -0.02566
20010615     0.01419
20010618     0.00994
20010619     0.01928
20010620    -0.00197
20010621     0.05726
20010622    -0.00280
20010625    -0.01592
20010626    -0.00761
20010627    -0.00863
20010628     0.01741
20010629     0.00456
20010702     0.01211
20010703    -0.00804
20010705    -0.01451
20010706    -0.02850
20010709     0.00020
20010710    -0.03307
20010711    -0.03094
20010712     0.02311
20010713     0.00329
20010716     0.00594
20010717     0.03174
20010718    -0.00177
20010719    -0.00928
20010720     0.00818
20010723    -0.00672
20010724    -0.02489
20010725     0.00776
20010726     0.01317
20010727     0.00100
20010730    -0.00819
20010731     0.01148
20010801     0.00856
20010802     0.01126
20010803     0.00157
20010806    -0.01428
20010807     0.00794
20010808    -0.02362
20010809    -0.00383
20010810     0.00465
20010813    -0.01027
20010814    -0.00773
20010815    -0.00308
20010816    -0.01481
20010817    -0.02673
20010820     0.01717
20010821    -0.01055
20010822     0.00213
20010823    -0.00447
20010824     0.03227
20010827    -0.00621
20010828    -0.01979
20010829    -0.01275
20010830    -0.01981
20010831     0.00593
20010904     0.00786
20010905    -0.01256
20010906    -0.03357
20010907    -0.01430
20010910    -0.02234
20010917    -0.06714
20010918    -0.00657
20010919    -0.02262
20010920    -0.05436
20010921     0.00000
20010924     0.07261
20010925     0.00103
20010926     0.00692
20010927     0.01425
20010928     0.01580
20011001     0.03086
20011002     0.01198
20011003     0.02911
20011004     0.00322
20011005    -0.01192
20011008    -0.01578
20011009     0.00660
20011010     0.03770
20011011     0.03250
20011012    -0.01508
20011015    -0.00577
20011016     0.02879
20011017     0.01020
20011018    -0.00129
20011019    -0.01398
20011022     0.02530
20011023     0.00489
20011024    -0.00635
20011025     0.02471
20011026     0.00998
20011029    -0.04487
20011030    -0.01832
20011031    -0.00066
20011101     0.01955
20011102     0.01470
20011105     0.00724
20011106     0.00592
20011107     0.01157
20011108     0.00832
20011109    -0.00412
20011112    -0.00207
20011113     0.03631
20011114     0.01001
20011115    -0.00714
20011116    -0.02575
20011119     0.01639
20011120    -0.00101
20011121    -0.01312
20011123     0.02127
20011126     0.01742
20011127    -0.00512
20011128    -0.05440
20011129     0.01172
20011130    -0.00951
20011203    -0.02067
20011204     0.01961
20011205     0.02446
20011206     0.01224
20011207    -0.00786
20011210    -0.02621
20011211     0.01440
20011212    -0.00946
20011213    -0.01454
20011214    -0.01602
20011217     0.01456
20011218     0.01541
20011219     0.03950
20011220    -0.00580
20011221     0.00885
20011224    -0.00359
20011226     0.00500
20011227     0.01035
20011228     0.00887
20011231    -0.01387
20020102     0.01050
20020103     0.00078
20020104     0.01861
20020107    -0.01173
20020108    -0.03678
20020109     0.00586
20020110     0.00121
20020111    -0.01565
20020114    -0.00387
20020115     0.01718
20020116    -0.01730
20020117     0.02129
20020118     0.00120
20020122    -0.01521
20020123     0.00610
20020124     0.00808
20020125    -0.00561
20020128    -0.00625
20020129    -0.05273
20020130     0.01691
20020131     0.00126
20020201    -0.01920
20020204    -0.04711
20020205     0.01129
20020206    -0.01786
20020207     0.00318
20020208     0.03058
20020211     0.00747
20020212    -0.01484
20020213     0.00443
20020214     0.00441
20020215    -0.03117
20020219    -0.04328
20020220     0.03079
20020221    -0.01654
20020222    -0.00935
20020225     0.03278
20020226     0.00023
20020227     0.01005
20020228     0.02283
20020301     0.01215
20020304     0.03952
20020305     0.00189
20020306     0.02096
20020307     0.00041
20020308     0.00308
20020311     0.00061
20020312     0.00879
20020313    -0.01906
20020314     0.00868
20020315     0.01803
20020318    -0.00282
20020319     0.00706
20020320    -0.01303
20020321     0.00711
20020322     0.00484
20020325    -0.02388
20020326     0.01028
20020327     0.01729
20020328    -0.00960
20020401    -0.00141
20020402     0.00000
20020403    -0.01375
20020404    -0.00246
20020405     0.00041
20020408    -0.00144
20020409     0.00494
20020410    -0.00430
20020411    -0.03845
20020412     0.00727
20020415    -0.02505
20020416     0.04769
20020417    -0.01019
20020418    -0.01197
20020419    -0.01105
20020422    -0.02321
20020423     0.00110
20020424    -0.01758
20020425    -0.01230
20020426    -0.02492
20020429    -0.00395
20020430     0.00979
20020501     0.01524
20020502     0.02662
20020503    -0.01468
20020506    -0.04200
20020507    -0.00660
20020508     0.06216
20020509    -0.00983
20020510    -0.02323
20020513     0.02171
20020514     0.02622
20020515     0.00793
20020516     0.01289
20020517     0.00928
20020520    -0.01988
20020521    -0.01287
20020522    -0.00574
20020523     0.00756
20020524    -0.01147
20020528    -0.01874
20020529    -0.01091
20020530    -0.00368
20020531    -0.00369
20020603    -0.01806
20020604    -0.00967
20020605     0.00834
20020606    -0.00803
20020607    -0.02381
20020610     0.01707
20020611    -0.02374
20020612     0.01204
20020613    -0.02476
20020614     0.00050
20020617     0.06542
20020618     0.00560
20020619    -0.02345
20020620    -0.03733
20020621    -0.01704
20020624    -0.00528
20020625    -0.01187
20020626    -0.05419
20020627     0.05838
20020628    -0.01047
20020701    -0.00671
20020702    -0.02624
20020703    -0.01254
20020705     0.06863
20020708    -0.02731
20020709    -0.02339
20020710    -0.02715
20020711     0.00958
20020712    -0.01491
20020715     0.01623
20020716    -0.02003
20020717     0.02017
20020718    -0.00081
20020719    -0.02439
20020722    -0.11000
20020723    -0.15730
20020724     0.09593
20020725     0.00203
20020726     0.03676
20020729     0.08360
20020730     0.01921
20020731    -0.01208
20020801    -0.03160
20020802    -0.04396
20020805    -0.07222
20020806     0.06108
20020807     0.03684
20020808     0.07551
20020809     0.01209
20020812    -0.00670
20020813    -0.02876
20020814     0.06465
20020815     0.01703
20020816    -0.02623
20020819     0.04155
20020820    -0.01541
20020821     0.02331
20020822     0.02416
20020823    -0.03354
20020826     0.01176
20020827    -0.00581
20020828    -0.03070
20020829    -0.00995
20020830    -0.00213
20020903    -0.10260
20020904     0.03096
20020905    -0.03300
20020906     0.03345
20020909     0.02609
20020910    -0.00644
20020911    -0.02365
20020912    -0.03285
20020913     0.00789
20020916     0.01702
20020917    -0.00268
20020918    -0.02315
20020919    -0.05015
20020920    -0.02966
20020923     0.02758
20020924    -0.01342
20020925     0.03235
20020926     0.05093
20020927    -0.01660
20020930     0.02171
20021001     0.04553
20021002    -0.04516
20021003    -0.03682
20021004    -0.01859
20021007    -0.04467
20021008     0.04153
20021009    -0.03412
20021010     0.06248
20021011     0.06405
20021014    -0.00296
20021015     0.12636
20021016    -0.00849
20021017     0.05613
20021018    -0.02154
20021021     0.01544
20021022     0.00028
20021023    -0.00113
20021024    -0.02311
20021025     0.02971
20021028     0.01681
20021029     0.00551
20021030     0.01589
20021031     0.00135
20021101     0.01894
20021104    -0.00133
20021105     0.01090
20021106    -0.00316
20021107    -0.03800
20021108     0.01152
20021111    -0.03173
20021112     0.01933
20021113    -0.03820
20021114     0.03257
20021115     0.02103
20021118    -0.02927
20021119     0.01731
20021120     0.03705
20021121     0.03043
20021122    -0.01027
20021125     0.00285
20021126    -0.03855
20021127     0.04871
20021129    -0.00231
20021202    -0.00926
20021203    -0.01739
20021204     0.00000
20021205    -0.01876
20021206     0.01131
20021209    -0.03754
20021210     0.01770
20021211    -0.01441
20021212     0.00993
20021213    -0.01693
20021216     0.04111
20021217    -0.00934
20021218     0.00054
20021219    -0.00404
20021220     0.03081
20021223    -0.01206
20021224    -0.03132
20021226    -0.01315
20021227    -0.02360
20021230     0.00227
20021231    -0.00170
20030102     0.03296
20030103    -0.00660
20030106     0.03323
20030107    -0.00884
20030108    -0.00784
20030109     0.00927
20030110     0.01161
20030113    -0.01121
20030114     0.02403
20030115    -0.01265
20030116    -0.00908
20030117    -0.00835
20030121    -0.01793
20030122    -0.00664
20030123     0.03454
20030124    -0.03635
20030127    -0.01956
20030128     0.01054
20030129     0.00254
20030130    -0.03235
20030131     0.00526
20030203     0.00785
20030204    -0.02915
20030205     0.00030
20030206    -0.01486
20030207    -0.00724
20030210    -0.00061
20030211    -0.02554
20030212    -0.01966
20030213     0.01337
20030214     0.02198
20030218     0.02151
20030219     0.00361
20030220    -0.01499
20030221     0.01035
20030224    -0.02319
20030225     0.01418
20030226    -0.01915
20030227     0.01860
20030228     0.01461
20030303    -0.00870
20030304    -0.02057
20030305     0.02471
20030306    -0.01146
20030307     0.01128
20030310    -0.02895
20030311    -0.02019
20030312     0.00349
20030313     0.05464
20030314     0.01078
20030317     0.01333
20030318     0.01550
20030319     0.02102
20030320     0.01043
20030321     0.03824
20030324    -0.04032
20030325     0.00560
20030326    -0.00028
20030327     0.00028
20030328    -0.01337
20030331    -0.02739
20030401     0.03338
20030402     0.04045
20030403    -0.01404
20030404     0.01944
20030407    -0.00027
20030408     0.01048
20030409    -0.01516
20030410    -0.00243
20030411     0.01083
20030414     0.02892
20030415     0.02134
20030416    -0.02522
20030417     0.02039
20030421    -0.00871
20030422     0.03204
20030423     0.00876
20030424    -0.02829
20030425    -0.01788
20030428     0.02107
20030429    -0.00408
20030430     0.00384
20030501    -0.00127
20030502     0.01795
20030505    -0.00428
20030506     0.01062
20030507     0.00175
20030508    -0.02024
20030509    -0.00408
20030512     0.00871
20030513    -0.00305
20030514    -0.00942
20030515     0.01414
20030516    -0.00760
20030519    -0.02350
20030520     0.00759
20030521     0.00883
20030522    -0.00360
20030523     0.00956
20030527     0.02788
20030528     0.02389
20030529    -0.00899
20030530     0.00613
20030602     0.00853
20030603     0.02127
20030604     0.01822
20030605     0.01116
20030606     0.00437
20030609    -0.01900
20030610     0.00793
20030611     0.02060
20030612    -0.00045
20030613     0.00068
20030616     0.02585
20030617     0.00707
20030618    -0.01427
20030619    -0.02494
20030620     0.00594
20030623    -0.02157
20030624     0.00742
20030625    -0.00852
20030626     0.01556
20030627    -0.01624
20030630    -0.00488
20030701     0.02360
20030702     0.01347
20030703    -0.01171
20030707     0.02416
20030708     0.00957
20030709     0.01367
20030710    -0.01718
20030711     0.02102
20030714     0.02102
20030715    -0.00615
20030716    -0.02797
20030717    -0.01538
20030718     0.02053
20030721    -0.01727
20030722     0.01112
20030723     0.00418
20030724    -0.01687
20030725     0.01917
20030728     0.00153
20030729    -0.00786
20030730    -0.00462
20030731    -0.00177
20030801    -0.03013
20030804     0.00967
20030805    -0.01824
20030806     0.01045
20030807     0.01333
20030808     0.00680
20030811     0.00338
20030812     0.01437
20030813    -0.00487
20030814     0.00356
20030815    -0.00510
20030818    -0.00557
20030819    -0.00538
20030820    -0.00563
20030821    -0.00566
20030822    -0.01845
20030825    -0.00418
20030826     0.00909
20030827    -0.00808
20030828     0.00303
20030829     0.00603
20030902     0.01915
20030903     0.00724
20030904    -0.00202
20030905    -0.00158
20030908     0.00406
20030909    -0.00539
20030910    -0.00745
20030911     0.00592
20030912     0.00204
20030915    -0.00316
20030916     0.01223
20030917     0.00537
20030918     0.03805
20030919     0.00729
20030922    -0.01298
20030923     0.01703
20030924    -0.01357
20030925    -0.01204
20030926    -0.01327
20030929     0.01565
20030930    -0.01216
20031001     0.03274
20031002     0.00532
20031003    -0.00296
20031006     0.00425
20031007     0.01099
20031008    -0.00565
20031009     0.00673
20031010     0.00042
20031013     0.02150
20031014     0.00143
20031015    -0.00245
20031016     0.00245
20031017    -0.01265
20031020    -0.00496
20031021    -0.01184
20031022    -0.00778
20031023     0.01229
20031024    -0.00377
20031027    -0.01891
20031028     0.01884
20031029     0.00021
20031030     0.00588
20031031    -0.00253
20031103     0.01350
20031104     0.00583
20031105     0.00373
20031106     0.00804
20031107    -0.02332
20031110     0.00419
20031111    -0.01168
20031112     0.00000
20031113    -0.00612
20031114    -0.01423
20031117    -0.00280
20031118    -0.01598
20031119     0.00834
20031120    -0.00370
20031121     0.01245
20031124     0.00863
20031125     0.00364
20031126     0.00085
20031128     0.00170
20031201     0.01127
20031202    -0.00715
20031203    -0.00572
20031204     0.00511
20031205    -0.01293
20031208     0.01696
20031209    -0.00591
20031210     0.00573
20031211     0.00443
20031212    -0.00042
20031215     0.00484
20031216     0.00335
20031217    -0.00939
20031218     0.00842
20031219     0.00793
20031222     0.00476
20031223    -0.00887
20031224    -0.00458
20031226     0.00021
20031229     0.01066
20031230     0.00124
20031231     0.00227
