19990104     0.026936
19990105     0.017049
19990106     0.029014
19990107     0.038847
19990108     0.029554
19990111    -0.018746
19990112    -0.062687
19990113    -0.022930
19990114     0.005215
19990115     0.055123
19990119     0.046097
19990120    -0.002350
19990121    -0.045347
19990122     0.014806
19990125     0.006079
19990126     0.035650
19990127    -0.034422
19990128     0.052568
19990129     0.024684
19990201     0.030812
19990202    -0.022690
19990203    -0.011261
19990204    -0.052868
19990205    -0.038005
19990208     0.006790
19990209    -0.058860
19990210     0.027362
19990211     0.064046
19990212    -0.055423
19990216     0.000000
19990217    -0.039748
19990218     0.011170
19990219     0.009747
19990222     0.050837
19990223     0.008573
19990224    -0.029144
19990225    -0.014384
19990226    -0.006980
19990301     0.016613
19990302    -0.037712
19990303    -0.005879
19990304     0.032852
19990305     0.026081
19990308     0.037198
19990309     0.007173
19990310    -0.008902
19990311     0.010778
19990312    -0.021327
19990315     0.016949
19990316     0.009524
19990317     0.000590
19990318     0.007661
19990319    -0.022222
19990322    -0.016746
19990323    -0.023723
19990324     0.041121
19990325     0.028725
19990326    -0.020942
19990329     0.045752
19990330    -0.000568
19990331    -0.003411
19990401     0.003423
19990405     0.040932
19990406     0.007100
19990407     0.030369
19990408    -0.009474
19990409     0.004251
19990412    -0.003175
19990413    -0.030786
19990414    -0.029573
19990415    -0.003950
19990416    -0.041926
19990419    -0.053814
19990420     0.015625
19990421     0.062769
19990422     0.048639
19990423     0.036996
19990426     0.002130
19990427    -0.021785
19990428    -0.028789
19990429    -0.022931
19990430     0.044648
19990503    -0.003836
19990504    -0.044004
19990505     0.021577
19990506    -0.036328
19990507     0.014611
19990510     0.006912
19990511     0.024027
19990512     0.061453
19990513    -0.008947
19990514    -0.019118
19990517     0.008663
19990518    -0.002147
19990519     0.003228
19990520    -0.015550
19990521    -0.013072
19990524    -0.034216
19990525    -0.045714
19990526     0.045509
19990527    -0.010309
19990528     0.009259
19990601    -0.017775
19990602     0.028605
19990603    -0.011918
19990604     0.055715
19990607     0.004353
19990608    -0.031961
19990609     0.018467
19990610    -0.029121
19990611     0.002264
19990614    -0.025974
19990615     0.031304
19990616     0.045531
19990617     0.009677
19990618     0.017039
19990621     0.031414
19990622    -0.033503
19990623     0.039916
19990624    -0.026263
19990625     0.017635
19990628     0.010194
19990629     0.009082
19990630     0.031000
19990701    -0.000970
19990702     0.041748
19990706    -0.005592
19990707    -0.006560
19990708     0.002830
19990709     0.009407
19990712    -0.021435
19990713    -0.005714
19990714     0.000958
19990715     0.019139
19990716    -0.008451
19990719    -0.016098
19990720    -0.041386
19990721     0.013052
19990722    -0.030723
19990723     0.029652
19990726    -0.029791
19990727     0.030706
19990728     0.005958
19990729    -0.024679
19990730     0.006073
19990802    -0.005030
19990803    -0.011122
19990804    -0.010225
19990805     0.016529
19990806     0.012195
19990809    -0.039157
19990810    -0.017764
19990811     0.071277
19990812    -0.019861
19990813     0.030395
19990816    -0.000983
19990817     0.011811
19990818    -0.014591
19990819    -0.016782
19990820     0.030120
19990823     0.025341
19990824     0.009506
19990825     0.033898
19990826     0.004554
19990827    -0.006346
19990830    -0.025547
19990831     0.015918
19990901     0.016590
19990902    -0.009973
19990903     0.039377
19990907    -0.007930
19990908    -0.020426
19990909     0.014506
19990910     0.011618
19990913    -0.000883
19990914     0.017683
19990915    -0.019983
19990916     0.000000
19990917     0.042553
19990920    -0.004252
19990921    -0.028181
19990922     0.015817
19990923    -0.039792
19990924    -0.005405
19990927    -0.012681
19990928     0.003670
19990929    -0.022852
19990930     0.026193
19991001     0.004558
19991004     0.023593
19991005     0.015957
19991006     0.004145
19991007    -0.014556
19991008     0.013228
19991011     0.008703
19991012    -0.009491
19991013    -0.020035
19991014    -0.013333
19991015    -0.031532
19991018     0.002791
19991019     0.000000
19991020     0.038033
19991021    -0.010724
19991022    -0.037940
19991025    -0.000939
19991026     0.011278
19991027     0.028810
19991028     0.025294
19991029     0.043172
19991101    -0.015203
19991102     0.008576
19991103    -0.027211
19991104    -0.020979
19991105     0.049107
19991108     0.025532
19991109    -0.014108
19991110     0.070707
19991111     0.053459
19991112    -0.003731
19991115    -0.007491
19991116     0.020377
19991117     0.002959
19991118     0.037611
19991119     0.002132
19991122    -0.007092
19991123     0.011429
19991124     0.044492
19991126     0.008114
19991129    -0.004695
19991130    -0.038410
19991201     0.025228
19991202     0.022556
19991203     0.022059
19991206     0.028123
19991207     0.033079
19991208    -0.015394
19991209    -0.013133
19991210     0.012041
19991213     0.013776
19991214    -0.032119
19991215    -0.021059
19991216     0.020860
19991217     0.018519
19991220     0.035737
19991221     0.007264
19991222    -0.014423
19991223     0.018902
19991227     0.007181
19991228     0.000000
19991229     0.008913
19991230     0.000589
19991231     0.008829
