19910102    -0.02507
19910103    -0.04000
19910104    -0.02976
19910107    -0.02454
19910108     0.03774
19910109    -0.00606
19910110     0.01220
19910111    -0.01205
19910114     0.01220
19910115     0.07530
19910116     0.04762
19910117     0.04813
19910118     0.01531
19910121     0.06030
19910122    -0.02133
19910123    -0.01211
19910124    -0.00490
19910125     0.05911
19910128     0.03256
19910129    -0.00901
19910130     0.04091
19910131     0.02183
19910201    -0.00427
19910204    -0.00858
19910205     0.00866
19910206     0.00858
19910207    -0.03191
19910208     0.03736
19910211    -0.02331
19910212     0.02820
19910213     0.01688
19910214    -0.02905
19910215     0.00000
19910219    -0.00855
19910220    -0.00431
19910221    -0.01299
19910222    -0.00439
19910225     0.00000
19910226    -0.02203
19910227    -0.02928
19910228     0.03944
19910301     0.01786
19910304     0.01316
19910305     0.03463
19910306    -0.04603
19910307    -0.03947
19910308     0.01370
19910311    -0.04505
19910312    -0.06604
19910313     0.05556
19910314    -0.05263
19910315    -0.03030
19910318     0.06250
19910319     0.01961
19910320     0.09615
19910321    -0.07018
19910322    -0.02830
19910325    -0.04369
19910326     0.01523
19910327     0.06000
19910328    -0.08019
19910401    -0.08718
19910402     0.16854
19910403     0.00962
19910404    -0.02857
19910405    -0.01471
19910408     0.03483
19910409    -0.01923
19910410    -0.00490
19910411     0.07389
19910412     0.04587
19910415    -0.02632
19910416     0.07207
19910417     0.09244
19910418    -0.00769
19910419    -0.03101
19910422    -0.02400
19910423     0.01639
19910424     0.04032
19910425    -0.03101
19910426    -0.02400
19910429    -0.05738
19910430     0.03478
19910501     0.00840
19910502     0.02500
19910503     0.00000
19910506     0.02439
19910507     0.00000
19910508    -0.00794
19910509     0.01600
19910510    -0.03150
19910513     0.03252
19910514    -0.03543
19910515    -0.07755
19910516     0.02655
19910517    -0.01724
19910520    -0.00877
19910521     0.03540
19910522     0.04274
19910523     0.01639
19910524     0.02419
19910528     0.04724
19910529    -0.03008
19910530     0.01163
19910531    -0.01149
19910603     0.00775
19910604     0.01538
19910605     0.00758
19910606    -0.01128
19910607    -0.00380
19910610     0.00000
19910611     0.01527
19910612    -0.02256
19910613     0.02308
19910614     0.02256
19910617     0.04412
19910618    -0.01408
19910619    -0.02857
19910620    -0.00368
19910621    -0.01845
19910624    -0.06015
19910625    -0.01600
19910626    -0.00813
19910627     0.01639
19910628    -0.01613
19910701     0.05738
19910702    -0.01550
19910703     0.00787
19910705    -0.00781
19910708     0.02756
19910709     0.04598
19910710     0.00366
19910711     0.00000
19910712     0.02190
19910715     0.00000
19910716     0.00714
19910717     0.01418
19910718     0.01399
19910719     0.03448
19910722     0.00000
19910723    -0.02667
19910724    -0.02740
19910725     0.01056
19910726     0.02091
19910729     0.03754
19910730     0.01974
19910731     0.01290
19910801     0.00318
19910802     0.03492
19910805     0.01227
19910806    -0.01212
19910807    -0.02454
19910808    -0.02201
19910809     0.00322
19910812     0.03205
19910813     0.03106
19910814     0.03614
19910815    -0.03488
19910816     0.03012
19910819    -0.02339
19910820    -0.00898
19910821     0.06949
19910822     0.01977
19910823     0.01385
19910826     0.00000
19910827    -0.00546
19910828     0.01099
19910829    -0.00543
19910830    -0.00820
19910903    -0.01377
19910904    -0.03911
19910905    -0.01744
19910906     0.00000
19910909     0.03254
19910910    -0.00287
19910911     0.01149
19910912     0.02273
19910913    -0.02222
19910916    -0.02273
19910917     0.00000
19910918     0.02326
19910919     0.01705
19910920     0.00838
19910923    -0.00277
19910924    -0.00278
19910925    -0.03621
19910926    -0.06936
19910927    -0.00621
19910930     0.02500
19911001     0.03049
19911002    -0.02367
19911003    -0.02424
19911004     0.02484
19911007     0.00909
19911008     0.00300
19911009    -0.05988
19911010    -0.00955
19911011     0.04502
19911014     0.04615
19911015     0.02941
19911016     0.02857
19911017     0.00000
19911018    -0.00278
19911021    -0.01393
19911022     0.02260
19911023     0.00552
19911024    -0.03022
19911025    -0.01416
19911028     0.04023
19911029     0.00276
19911030     0.04683
19911031     0.02632
19911101    -0.03077
19911104     0.00265
19911105     0.02375
19911106     0.00515
19911107     0.07179
19911108     0.01914
19911111    -0.00939
19911112     0.01185
19911113     0.02576
19911114    -0.00913
19911115    -0.05530
19911118     0.00976
19911119    -0.02899
19911120    -0.00995
19911121     0.01005
19911122    -0.01990
19911125    -0.01015
19911126     0.00769
19911127     0.00763
19911129     0.00000
19911202     0.04545
19911203     0.02415
19911204     0.03774
19911205    -0.01818
19911206    -0.00694
19911209     0.01632
19911210    -0.00917
19911211     0.00000
19911212     0.00926
19911213     0.00688
19911216     0.02050
19911217     0.00000
19911218     0.01563
19911219    -0.01538
19911220    -0.01786
19911223     0.02727
19911224     0.04867
19911226     0.07595
19911227     0.00784
19911230     0.04280
19911231    -0.01119
19920102    -0.00755
19920103     0.01901
19920106     0.00373
19920107     0.04089
19920108     0.04643
19920109     0.00512
19920110    -0.01868
19920113     0.01038
19920114    -0.00342
19920115     0.02749
19920116     0.01505
19920117    -0.01153
19920120    -0.06333
19920121    -0.04626
19920122     0.08209
19920123     0.01724
19920124     0.00339
19920127     0.00676
19920128     0.00168
19920129    -0.02178
19920130     0.02055
19920131     0.00839
19920203     0.04992
19920204     0.02060
19920205     0.02950
19920206     0.01659
19920207     0.01484
19920210    -0.01754
19920211    -0.01190
19920212     0.03012
19920213    -0.00292
19920214    -0.01173
19920218    -0.02226
19920219    -0.00759
19920220     0.02294
19920221    -0.02541
19920224    -0.01840
19920225    -0.00781
19920226     0.04724
19920227    -0.00752
19920228    -0.01212
19920302    -0.00613
19920303    -0.00617
19920304    -0.00621
19920305    -0.01250
19920306    -0.01266
19920309     0.00962
19920310     0.02222
19920311    -0.02174
19920312     0.00476
19920313     0.00158
19920316    -0.00158
19920317     0.03949
19920318     0.01824
19920319    -0.01045
19920320     0.00000
19920323    -0.02262
19920324     0.01235
19920325     0.04268
19920326    -0.01170
19920327    -0.07692
19920330     0.00000
19920331     0.01282
19920401     0.02532
19920402    -0.01543
19920403     0.00313
19920406     0.03125
19920407    -0.07273
19920408     0.00000
19920409     0.04248
19920410    -0.05956
19920413     0.01333
19920414     0.04605
19920415     0.00000
19920416    -0.02830
19920420    -0.03560
19920421    -0.02685
19920422     0.02759
19920423    -0.02349
19920424     0.00344
19920427    -0.02740
19920428    -0.03873
19920429     0.04029
19920430     0.02817
19920501     0.01027
19920504     0.02373
19920505     0.02980
19920506     0.00000
19920507    -0.01608
19920508     0.01307
19920511     0.02258
19920512    -0.00946
19920513    -0.02548
19920514     0.05229
19920515     0.01553
19920518     0.02141
19920519     0.00599
19920520     0.00595
19920521    -0.01775
19920522    -0.00602
19920526    -0.00606
19920527     0.00000
19920528     0.03659
19920529     0.07647
19920601     0.06011
19920602    -0.02577
19920603    -0.01058
19920604     0.00535
19920605    -0.01596
19920608     0.00541
19920609    -0.01075
19920610    -0.00543
19920611     0.01093
19920612     0.01622
19920615     0.00266
19920616    -0.02122
19920617    -0.04065
19920618    -0.02825
19920619     0.02326
19920622    -0.00568
19920623     0.04000
19920624     0.00824
19920625    -0.01635
19920626    -0.00554
19920629     0.05292
19920630    -0.00529
19920701     0.03723
19920702    -0.02051
19920706     0.01571
19920707    -0.05928
19920708     0.00274
19920709     0.02732
19920710    -0.00798
19920713     0.00804
19920714     0.03191
19920715     0.02320
19920716     0.00252
19920717    -0.01005
19920720     0.01015
19920721     0.02010
19920722    -0.03448
19920723     0.02551
19920724     0.02985
19920727    -0.01932
19920728     0.02463
19920729     0.00962
19920730     0.00238
19920731     0.01425
19920803    -0.00234
19920804     0.00000
19920805    -0.02347
19920806    -0.03606
19920807     0.00000
19920810     0.01995
19920811     0.00733
19920812    -0.02427
19920813    -0.01244
19920814    -0.01259
19920817     0.00000
19920818     0.00000
19920819     0.00000
19920820     0.00000
19920821    -0.03571
19920824    -0.04762
19920825     0.03611
19920826     0.00804
19920827    -0.01064
19920828    -0.00269
19920831     0.01078
19920901     0.02933
19920902     0.03627
19920903     0.00500
19920904     0.00000
19920908     0.00249
19920909     0.03226
19920910     0.02885
19920911    -0.00234
19920914     0.02108
19920915    -0.02294
19920916    -0.01408
19920917     0.01905
19920918     0.01869
19920921     0.02294
19920922    -0.01345
19920923    -0.01364
19920924     0.02535
19920925    -0.04270
19920928    -0.03286
19920929     0.02913
19920930    -0.00236
19921001     0.00709
19921002    -0.03756
19921005    -0.00244
19921006     0.02689
19921007     0.00952
19921008     0.03066
19921009    -0.01144
19921012     0.01389
19921013     0.00228
19921014     0.00228
19921015     0.00909
19921016     0.02477
19921019     0.01538
19921020     0.00433
19921021     0.00647
19921022     0.01285
19921023    -0.01057
19921026     0.01709
19921027    -0.01681
19921028     0.02564
19921029     0.01667
19921030    -0.01639
19921102     0.02083
19921103     0.00000
19921104     0.00408
19921105     0.04472
19921106     0.02335
19921109     0.00951
19921110     0.05461
19921111     0.00714
19921112     0.01241
19921113    -0.01226
19921116    -0.01241
19921117    -0.01616
19921118     0.03650
19921119     0.01408
19921120     0.02778
19921123    -0.01351
19921124     0.03767
19921125    -0.01320
19921127     0.00000
19921130     0.00000
19921201    -0.00836
19921202    -0.02192
19921203     0.01379
19921204     0.01361
19921207     0.00671
19921208    -0.01000
19921209    -0.00673
19921210    -0.00678
19921211    -0.02048
19921214    -0.01045
19921215    -0.01056
19921216    -0.01068
19921217     0.04137
19921218     0.00864
19921221     0.00000
19921222     0.00342
19921223     0.01365
19921224     0.01347
19921228     0.06312
19921229    -0.03125
19921230     0.01452
19921231     0.00000
19930104    -0.00795
19930105     0.02724
19930106     0.02496
19930107    -0.02588
19930108     0.01563
19930111     0.02462
19930112     0.00751
19930113     0.02683
19930114     0.03919
19930115    -0.02933
19930118     0.02590
19930119    -0.00982
19930120     0.00567
19930121     0.04225
19930122    -0.00405
19930125     0.01221
19930126    -0.01475
19930127    -0.02857
19930128    -0.01821
19930129     0.00999
19930201     0.02542
19930202     0.02066
19930203    -0.00405
19930204    -0.00949
19930205    -0.02873
19930208    -0.00845
19930209    -0.02557
19930210     0.02624
19930211    -0.00568
19930212    -0.01286
19930216    -0.05355
19930217     0.00306
19930218     0.04573
19930219    -0.00875
19930222    -0.03235
19930223    -0.01672
19930224     0.05410
19930225     0.01760
19930226     0.01009
19930301    -0.02140
19930302     0.03353
19930303     0.02116
19930304     0.01934
19930305    -0.00271
19930308    -0.01630
19930309     0.00967
19930310     0.00821
19930311     0.02035
19930312     0.00266
19930315     0.01592
19930316    -0.00783
19930317    -0.02895
19930318    -0.01355
19930319    -0.01786
19930322    -0.03776
19930323    -0.02907
19930324    -0.00599
19930325     0.08434
19930326     0.00556
19930329    -0.02762
19930330    -0.00568
19930331     0.02286
19930401    -0.01117
19930402    -0.04237
19930405     0.01180
19930406     0.00292
19930407     0.04070
19930408    -0.02514
19930412     0.00287
19930413     0.03714
19930414     0.00826
19930415    -0.01093
19930416    -0.01657
19930419    -0.03371
19930420    -0.02907
19930421     0.03593
19930422    -0.00578
19930423    -0.01453
19930426    -0.04130
19930427    -0.00615
19930428     0.05573
19930429     0.02639
19930430    -0.05714
19930503     0.04848
19930504     0.03179
19930505     0.03081
19930506    -0.01630
19930507     0.07735
19930510     0.01538
19930511     0.00505
19930512    -0.01508
19930513    -0.00765
19930514     0.03085
19930517     0.03990
19930518     0.02158
19930519     0.03991
19930520    -0.01354
19930521    -0.01144
19930524     0.00463
19930525    -0.01382
19930526     0.05140
19930527    -0.02222
19930528    -0.01818
19930601    -0.02315
19930602     0.00237
19930603     0.02600
19930604    -0.03917
19930607    -0.02158
19930608    -0.00980
19930609     0.00743
19930610     0.01720
19930611     0.01932
19930614     0.02370
19930615     0.00000
19930616    -0.01157
19930617    -0.00468
19930618    -0.03059
19930621    -0.01214
19930622    -0.00246
19930623    -0.00493
19930624     0.01733
19930625     0.03893
19930628     0.05386
19930629    -0.01111
19930630    -0.01573
19930701     0.01370
19930702     0.00000
19930706    -0.01351
19930707    -0.03196
19930708     0.01179
19930709     0.02098
19930712     0.00913
19930713     0.01584
19930714     0.00223
19930715    -0.07111
19930716    -0.04306
19930719    -0.01000
19930720     0.05556
19930721    -0.01914
19930722    -0.00976
19930723     0.04187
19930726     0.04965
19930727    -0.04955
19930728     0.01659
19930729    -0.01166
19930730    -0.02123
19930802     0.01205
19930803     0.01905
19930804     0.01636
19930805     0.01379
19930806     0.02948
19930809     0.03524
19930810     0.00000
19930811    -0.02128
19930812    -0.00870
19930813    -0.06798
19930816     0.03529
19930817     0.04091
19930818    -0.00873
19930819    -0.03524
19930820    -0.02968
19930823     0.01647
19930824     0.02083
19930825    -0.03855
19930826    -0.04953
19930827     0.04467
19930830    -0.05463
19930831    -0.04020
19930901     0.01047
19930902     0.01036
19930903    -0.02821
19930907    -0.08443
19930908     0.00865
19930909     0.06571
19930910    -0.04021
19930913    -0.06704
19930914     0.01198
19930915     0.02367
19930916     0.05780
19930917     0.00000
19930920    -0.02732
19930921     0.01124
19930922     0.05000
19930923     0.00000
19930924     0.02646
19930927     0.04897
19930928     0.02211
19930929    -0.00962
19930930    -0.02913
19931001    -0.01250
19931004     0.00253
19931005    -0.03283
19931006    -0.03655
19931007    -0.02439
19931008     0.05556
19931011    -0.03158
19931012     0.10598
19931013    -0.01229
19931014    -0.01493
19931015    -0.01010
19931018    -0.02806
19931019    -0.00262
19931020    -0.02105
19931021     0.04839
19931022     0.01538
19931025     0.00505
19931026    -0.00503
19931027     0.02020
19931028    -0.01485
19931029     0.03015
19931101     0.04390
19931102    -0.01168
19931103    -0.03546
19931104    -0.02451
19931105     0.07538
19931108     0.01168
19931109    -0.00231
19931110     0.00694
19931111     0.02529
19931112     0.00000
19931115     0.02242
19931116     0.00219
19931117    -0.02407
19931118     0.00673
19931119     0.01559
19931122    -0.02193
19931123     0.01794
19931124     0.01322
19931126    -0.00217
19931129    -0.02614
19931130     0.00671
19931201     0.02444
19931202     0.03037
19931203     0.03158
19931206     0.00816
19931207     0.00405
19931208    -0.02419
19931209    -0.01446
19931210     0.00210
19931213     0.00209
19931214    -0.01044
19931215     0.00211
19931216     0.01263
19931217     0.00624
19931220     0.02066
19931221    -0.01215
19931222    -0.00410
19931223     0.02263
19931227    -0.00201
19931228     0.01613
19931229     0.00794
19931230     0.03543
19931231    -0.01711
19940103    -0.00580
19940104     0.01167
19940105     0.02308
19940106    -0.00752
19940107     0.00947
19940110     0.02814
19940111    -0.00730
19940112     0.00000
19940113    -0.01103
19940114     0.02602
19940117     0.00543
19940118     0.01982
19940119    -0.02120
19940120    -0.00903
19940121     0.02186
19940124     0.00178
19940125    -0.02491
19940126    -0.00365
19940127     0.00549
19940128     0.02732
19940131     0.02837
19940201    -0.01379
19940202     0.02098
19940203     0.02397
19940204    -0.04013
19940207     0.01045
19940208     0.02069
19940209     0.00338
19940210    -0.03030
19940211     0.03299
19940214     0.00504
19940215    -0.01338
19940216    -0.00847
19940217     0.00342
19940218    -0.00511
19940222     0.01370
19940223    -0.01351
19940224    -0.01712
19940225     0.01916
19940228     0.00855
19940301     0.00508
19940302     0.01518
19940303     0.01993
19940304     0.02932
19940307     0.01741
19940308    -0.00467
19940309     0.00938
19940310    -0.00929
19940311    -0.00313
19940314     0.00313
19940315    -0.01563
19940316     0.00159
19940317     0.00792
19940318    -0.00629
19940321    -0.01899
19940322    -0.02581
19940323    -0.01325
19940324    -0.07383
19940325    -0.04348
19940328     0.00000
19940329    -0.03030
19940330     0.01563
19940331     0.05385
19940404    -0.03285
19940405     0.05660
19940406     0.01786
19940407     0.00000
19940408    -0.02456
19940411    -0.03957
19940412    -0.07303
19940413    -0.03434
19940414     0.01255
19940415     0.00000
19940418    -0.01240
19940419    -0.01255
19940420    -0.01695
19940421     0.09914
19940422    -0.01961
19940425     0.01600
19940426     0.00787
19940428    -0.02295
19940429    -0.03048
19940502     0.07216
19940503    -0.03462
19940504    -0.01992
19940505     0.02439
19940506     0.00000
19940509    -0.04762
19940510    -0.05000
19940511     0.01754
19940512     0.00000
19940513    -0.19828
19940516    -0.03226
19940517    -0.01667
19940518     0.07910
19940519     0.00262
19940520    -0.02872
19940523     0.05376
19940524     0.03061
19940525     0.01980
19940526    -0.02913
19940527     0.01500
19940531    -0.02463
19940601     0.00000
19940602    -0.02525
19940603     0.01554
19940606     0.02041
19940607    -0.04000
19940608    -0.05729
19940609     0.01934
19940610     0.01897
19940613    -0.02660
19940614     0.08470
19940615     0.00252
19940616    -0.00754
19940617    -0.01266
19940620    -0.00513
19940621    -0.02577
19940622    -0.00529
19940623    -0.10638
19940624     0.05357
19940627     0.04520
19940628    -0.00541
19940629     0.03804
19940630    -0.02094
19940701     0.00802
19940705    -0.02653
19940706     0.00272
19940707     0.01630
19940708    -0.02139
19940711     0.03825
19940712    -0.04211
19940713     0.05495
19940714    -0.17708
19940715    -0.00633
19940718     0.06369
19940719    -0.03593
19940720     0.00311
19940721     0.01548
19940722     0.00000
19940725    -0.01829
19940726    -0.01863
19940727    -0.00633
19940728     0.01274
19940729     0.05660
19940801     0.04464
19940802    -0.03134
19940803    -0.00588
19940804    -0.01183
19940805     0.00000
19940808     0.03593
19940809     0.01445
19940810    -0.01425
19940811    -0.01156
19940812     0.00000
19940815     0.02339
19940816     0.02857
19940817     0.06667
19940818    -0.02083
19940819    -0.03723
19940822     0.01657
19940823     0.02174
19940824     0.00000
19940825     0.02128
19940826     0.06771
19940829     0.02439
19940830    -0.00476
19940831    -0.05024
19940901    -0.01259
19940902     0.00510
19940906     0.00761
19940907     0.04282
19940908     0.00483
19940909    -0.02163
19940912    -0.01966
19940913     0.02757
19940914     0.02927
19940915     0.02370
19940916    -0.01852
19940919    -0.01415
19940920    -0.01675
19940921    -0.03406
19940922     0.00252
19940923    -0.01508
19940926    -0.00510
19940927     0.00000
19940928    -0.01026
19940929     0.06218
19940930     0.06829
19941003     0.00457
19941004    -0.03409
19941005    -0.01176
19941006     0.03095
19941007     0.02079
19941010     0.00452
19941011     0.01351
19941012    -0.03556
19941013     0.01382
19941014     0.00455
19941017    -0.02262
19941018    -0.00463
19941019     0.01860
19941020     0.00457
19941021    -0.00909
19941024     0.01376
19941025     0.00452
19941026     0.04505
19941027     0.03448
19941028     0.00000
19941031     0.00417
19941101     0.01660
19941102     0.03265
19941103     0.01976
19941104    -0.02326
19941107    -0.02778
19941108     0.00816
19941109     0.01619
19941110    -0.02390
19941111     0.07755
19941114     0.02273
19941115    -0.01667
19941116     0.02072
19941117    -0.01107
19941118     0.02052
19941121    -0.03656
19941122    -0.07021
19941123     0.03265
19941125     0.02372
19941128     0.01351
19941129     0.00571
19941130    -0.02273
19941201     0.00000
19941202     0.01550
19941205     0.00763
19941206     0.00758
19941207    -0.03383
19941208    -0.03891
19941209     0.03644
19941212     0.01953
19941213    -0.01149
19941214    -0.01550
19941215     0.05315
19941216    -0.00561
19941219    -0.00564
19941220    -0.00567
19941221     0.03422
19941222     0.02574
19941223     0.01075
19941227     0.01773
19941228    -0.02439
19941229     0.00357
19941230     0.00000
19950103    -0.02847
19950104     0.00733
19950105    -0.00727
19950106     0.00000
19950109     0.02198
19950110     0.01434
19950111     0.00707
19950112     0.00000
19950113     0.00702
19950116     0.02091
19950117    -0.00341
19950118    -0.00342
19950119    -0.01718
19950120    -0.02098
19950123    -0.00179
19950124     0.02683
19950125    -0.02613
19950126    -0.03041
19950127     0.00000
19950130    -0.03875
19950131     0.02495
19950201     0.02622
19950202     0.03650
19950203     0.00352
19950206     0.02807
19950207     0.00683
19950208    -0.01017
19950209    -0.00342
19950210    -0.03608
19950213    -0.02317
19950214     0.00730
19950215     0.00000
19950216    -0.00725
19950217    -0.01460
19950221    -0.01852
19950222     0.02453
19950223     0.01289
19950224    -0.02182
19950227    -0.01673
19950228     0.02079
19950301    -0.02407
19950302     0.02846
19950303     0.01476
19950306    -0.00364
19950307     0.00365
19950308     0.02182
19950309    -0.01423
19950310     0.00361
19950313    -0.01978
19950314     0.00734
19950315     0.02004
19950316     0.00714
19950317    -0.00887
19950320    -0.00537
19950321    -0.00360
19950322    -0.01444
19950323     0.01832
19950324     0.04676
19950327     0.04467
19950328     0.02961
19950329    -0.04792
19950330    -0.01342
19950331     0.03741
19950403     0.03934
19950404    -0.02208
19950405     0.00968
19950406    -0.00319
19950407     0.00641
19950410    -0.00955
19950411     0.02572
19950412     0.00470
19950413    -0.00156
19950417     0.01250
19950418    -0.02778
19950419    -0.01905
19950420     0.01133
19950421    -0.00160
19950424    -0.00641
19950425     0.03226
19950426     0.01875
19950427    -0.03067
19950428     0.00949
19950501    -0.01254
19950502     0.04127
19950503     0.06098
19950504    -0.02011
19950505    -0.02346
19950508     0.03303
19950509     0.00291
19950510    -0.00290
19950511     0.01744
19950512     0.02857
19950515     0.00556
19950516     0.00414
19950517    -0.00138
19950518    -0.03030
19950519     0.01278
19950522    -0.01262
19950523     0.08239
19950524    -0.01575
19950525    -0.00267
19950526    -0.01872
19950530    -0.04632
19950531     0.00000
19950601     0.02714
19950602     0.00417
19950605     0.01108
19950606    -0.01918
19950607    -0.00559
19950608     0.01966
19950609     0.00826
19950612     0.01366
19950613     0.03774
19950614    -0.00390
19950615     0.01043
19950616     0.00903
19950619     0.01535
19950620     0.01008
19950621    -0.02244
19950622     0.03316
19950623     0.02469
19950626    -0.01807
19950627    -0.01350
19950628    -0.01741
19950629     0.03544
19950630    -0.01100
19950703    -0.00371
19950705     0.03412
19950706     0.02220
19950707     0.03756
19950710    -0.00679
19950711    -0.01822
19950712     0.02204
19950713     0.03519
19950714     0.01535
19950717    -0.00432
19950718    -0.03471
19950719    -0.06966
19950720    -0.00845
19950721     0.03776
19950724     0.03756
19950725     0.02489
19950726     0.01987
19950727     0.01515
19950728    -0.04371
19950731    -0.00557
19950801    -0.01794
19950802    -0.02740
19950803    -0.01878
19950804     0.03828
19950807     0.02535
19950808     0.00000
19950809     0.02584
19950810     0.02081
19950811     0.00429
19950814     0.00641
19950815    -0.00212
19950816     0.05745
19950817    -0.02012
19950818     0.08599
19950821    -0.04325
19950822     0.04348
19950823     0.00379
19950824     0.00377
19950825    -0.03571
19950828    -0.02339
19950829     0.00399
19950830     0.02187
19950831     0.02140
19950901    -0.00381
19950905     0.04207
19950906     0.02018
19950907     0.01079
19950908     0.00178
19950911     0.01954
19950912    -0.00523
19950913     0.00175
19950914     0.00874
19950915    -0.03986
19950918    -0.01264
19950919     0.05484
19950920     0.00000
19950921    -0.02080
19950922     0.00708
19950925    -0.01494
19950926    -0.00624
19950927    -0.02334
19950928     0.04228
19950929    -0.02646
19951002    -0.04348
19951003     0.03030
19951004    -0.01930
19951005     0.04592
19951006    -0.03853
19951009    -0.03914
19951010     0.00873
19951011     0.05000
19951012     0.04121
19951013    -0.00792
19951016    -0.01773
19951017     0.05776
19951018     0.03413
19951019     0.01980
19951020    -0.01133
19951023    -0.01309
19951024     0.00000
19951025    -0.01327
19951026     0.00420
19951027     0.02259
19951030     0.04419
19951031    -0.02821
19951101     0.03548
19951102     0.01246
19951103     0.03692
19951106    -0.00668
19951107    -0.00373
19951108     0.00750
19951109     0.03125
19951110     0.01443
19951113    -0.02845
19951114    -0.05124
19951115    -0.01389
19951116     0.02034
19951117    -0.01840
19951120    -0.00938
19951121    -0.00473
19951122    -0.03962
19951124     0.03960
19951127    -0.00952
19951128     0.07692
19951129     0.01488
19951130    -0.01320
19951201    -0.02526
19951204     0.03963
19951205    -0.03666
19951206    -0.02816
19951207    -0.00548
19951208     0.00630
19951211     0.00000
19951212    -0.02973
19951213    -0.00484
19951214    -0.05511
19951215     0.01544
19951218    -0.04223
19951219     0.10406
19951220    -0.05431
19951221     0.01858
19951222     0.01658
19951226     0.00979
19951227    -0.00808
19951228    -0.01792
19951229    -0.00995
19960102     0.02345
19960103    -0.03928
19960104    -0.03748
19960105     0.01239
19960108    -0.00962
19960109    -0.07679
19960110     0.02103
19960111     0.05805
19960112     0.00000
19960115    -0.04779
19960116     0.01859
19960117     0.01825
19960118     0.01613
19960119     0.06878
19960122     0.02723
19960123     0.00080
19960124     0.03692
19960125    -0.01858
19960126     0.02366
19960129     0.00000
19960130     0.01387
19960131     0.01216
19960201     0.03003
19960202    -0.01458
19960205     0.03846
19960206     0.01994
19960207    -0.00908
19960208     0.00211
19960209     0.02672
19960212    -0.01370
19960213     0.00278
19960214    -0.01939
19960215     0.00494
19960216     0.00070
19960220     0.02528
19960221     0.03425
19960222     0.04768
19960223     0.00379
19960226     0.00756
19960227    -0.02500
19960228    -0.02051
19960229    -0.00524
19960301    -0.04211
19960304    -0.03022
19960305     0.06516
19960306    -0.02128
19960307    -0.01087
19960308    -0.03297
19960311     0.04261
19960312    -0.01090
19960313     0.01653
19960314    -0.00407
19960315     0.03401
19960318     0.02368
19960319    -0.00257
19960320    -0.05155
19960321    -0.02717
19960322     0.00000
19960325    -0.03352
19960326    -0.00723
19960327     0.04658
19960328     0.02643
19960329     0.00542
19960401     0.01887
19960402     0.01323
19960403     0.02089
19960404    -0.00767
19960408    -0.04381
19960409    -0.01348
19960410     0.01093
19960411     0.02973
19960412    -0.03937
19960415    -0.03142
19960416     0.04090
19960417    -0.00542
19960418     0.00545
19960419     0.03523
19960422    -0.01832
19960423     0.03733
19960424     0.05784
19960425    -0.00365
19960426     0.02195
19960429    -0.00716
19960430    -0.00240
19960501     0.00723
19960502    -0.03828
19960503     0.00746
19960506     0.01481
19960507     0.01703
19960508     0.00957
19960509     0.00000
19960510     0.04265
19960513    -0.00227
19960514     0.02278
19960515    -0.01336
19960516     0.00903
19960517     0.00224
19960520     0.00446
19960521    -0.02000
19960522     0.01134
19960523     0.02691
19960524    -0.00437
19960528    -0.01974
19960529    -0.02237
19960530    -0.00458
19960531     0.00690
19960603     0.01826
19960604     0.00000
19960605     0.02466
19960606    -0.02626
19960607     0.00449
19960610     0.00224
19960611     0.01674
19960612    -0.00110
19960613    -0.01758
19960614    -0.01119
19960617    -0.01584
19960618    -0.02759
19960619     0.00946
19960620    -0.01874
19960621     0.04773
19960624    -0.01595
19960625     0.00694
19960626    -0.01839
19960627     0.02810
19960628     0.03189
19960701     0.03091
19960702     0.00642
19960703    -0.02340
19960705    -0.02397
19960708     0.01563
19960709     0.01099
19960710     0.00652
19960711    -0.05400
19960712     0.01142
19960715    -0.06321
19960716    -0.00241
19960717     0.03382
19960718     0.00701
19960719    -0.03944
19960722    -0.02174
19960723    -0.06914
19960724     0.04244
19960725     0.00636
19960726     0.03919
19960729    -0.02676
19960730     0.02250
19960731     0.01222
19960801     0.03865
19960802     0.03953
19960805    -0.00559
19960806     0.03037
19960807     0.00218
19960808     0.02179
19960809    -0.00426
19960812     0.00214
19960813    -0.02778
19960814    -0.00440
19960815     0.01987
19960816    -0.03030
19960819     0.00000
19960820    -0.01786
19960821     0.02273
19960822     0.02444
19960823    -0.01302
19960826    -0.03077
19960827     0.00000
19960828    -0.01134
19960829    -0.00917
19960830    -0.02315
19960903     0.01896
19960904     0.01163
19960905    -0.04598
19960906     0.02892
19960909     0.01874
19960910     0.00000
19960911     0.00000
19960912     0.03333
19960913     0.05006
19960916     0.01271
19960917    -0.00209
19960918     0.00419
19960919     0.00209
19960920     0.01250
19960923    -0.00103
19960924    -0.00309
19960925     0.04442
19960926     0.00297
19960927    -0.00592
19960930    -0.01488
19961001     0.00101
19961002     0.02817
19961003     0.01174
19961004     0.03675
19961007    -0.01493
19961008    -0.02652
19961009     0.00195
19961010     0.00971
19961011     0.01154
19961014    -0.00760
19961015     0.00958
19961016    -0.00759
19961017    -0.01912
19961018    -0.01170
19961021    -0.04241
19961022     0.00927
19961023     0.02653
19961024    -0.04573
19961025    -0.01250
19961028    -0.02321
19961029    -0.00432
19961030     0.00868
19961031     0.06452
19961101    -0.02626
19961104     0.00622
19961105     0.01856
19961106    -0.00810
19961107     0.05306
19961108     0.00388
19961111     0.02703
19961112    -0.02256
19961113     0.01731
19961114    -0.01323
19961115    -0.00766
19961118    -0.02124
19961119     0.02564
19961120     0.02308
19961121    -0.00752
19961122     0.02462
19961125    -0.00370
19961126    -0.00186
19961127     0.01115
19961129    -0.00184
19961202     0.01105
19961203    -0.04554
19961204    -0.03435
19961205     0.01779
19961206     0.00971
19961209     0.04231
19961210    -0.00554
19961211     0.00928
19961212    -0.03309
19961213    -0.01521
19961216    -0.02124
19961217    -0.00986
19961218     0.01992
19961219     0.01563
19961220     0.00000
19961223    -0.00962
19961224     0.00971
19961226     0.02500
19961227    -0.01501
19961230    -0.01143
19961231    -0.01927
19970102    -0.01179
19970103     0.04374
19970106     0.02857
19970107     0.01111
19970108    -0.02930
19970109     0.01132
19970110     0.02425
19970113     0.00729
19970114     0.04340
19970115    -0.02426
19970116     0.00000
19970117     0.03197
19970120     0.02926
19970121     0.00167
19970122    -0.01586
19970123    -0.02629
19970124    -0.04355
19970127    -0.00364
19970128     0.00731
19970129    -0.04174
19970130     0.02273
19970131     0.03333
19970203    -0.02151
19970204    -0.01648
19970205    -0.06518
19970206     0.01793
19970207    -0.01174
19970210    -0.08119
19970211     0.04418
19970212     0.06708
19970213    -0.03191
19970214     0.00100
19970218     0.01796
19970219     0.01765
19970220    -0.02890
19970221    -0.07341
19970224     0.01071
19970225    -0.04237
19970226     0.02876
19970227    -0.05269
19970228     0.01022
19970303    -0.02472
19970304     0.02765
19970305     0.02018
19970306    -0.03956
19970307    -0.05950
19970310     0.03893
19970311    -0.01171
19970312    -0.03555
19970313     0.02211
19970314    -0.02764
19970317    -0.02843
19970318     0.02545
19970319    -0.00744
19970320     0.02250
19970321    -0.03667
19970324    -0.04315
19970325     0.01592
19970326     0.09399
19970327    -0.02625
19970331    -0.05637
19970401     0.00519
19970402    -0.01809
19970403     0.01842
19970404     0.05168
19970407     0.07002
19970408     0.01722
19970409    -0.02370
19970410    -0.02659
19970411    -0.02613
19970414     0.03902
19970415    -0.05869
19970416    -0.05237
19970417     0.04211
19970418    -0.02273
19970421    -0.02196
19970422     0.00396
19970423     0.02368
19970424    -0.00643
19970425    -0.04010
19970428     0.00270
19970429     0.07527
19970430     0.03500
19970501     0.03140
19970502     0.07260
19970505     0.02838
19970506    -0.01911
19970507     0.01732
19970508     0.04468
19970509     0.00407
19970512     0.02130
19970513    -0.00894
19970514    -0.00601
19970515     0.01210
19970516    -0.01992
19970519    -0.00915
19970520     0.05641
19970521     0.02136
19970522    -0.00380
19970523     0.02863
19970527     0.02041
19970528     0.00455
19970529    -0.03348
19970530     0.01498
19970602     0.00092
19970603    -0.04516
19970604    -0.01062
19970605     0.01073
19970606     0.00290
19970609     0.02406
19970610    -0.02256
19970611    -0.02019
19970612     0.00147
19970613     0.04557
19970616     0.01312
19970617     0.01758
19970618    -0.02545
19970619     0.02985
19970620     0.00543
19970623     0.00631
19970624     0.01253
19970625    -0.02741
19970626    -0.01636
19970627    -0.01664
19970630     0.00940
19970701     0.01769
19970702     0.03294
19970703     0.01417
19970707     0.03231
19970708     0.01100
19970709     0.02176
19970710     0.00000
19970711    -0.01065
19970714     0.01407
19970715     0.01837
19970716     0.01723
19970717    -0.00788
19970718    -0.02899
19970721     0.00450
19970722     0.02932
19970723     0.01741
19970724    -0.00622
19970725    -0.00235
19970728    -0.02902
19970729     0.02423
19970730     0.00315
19970731     0.00079
19970801     0.00314
19970804     0.02271
19970805     0.00383
19970806    -0.01907
19970807    -0.01944
19970808    -0.02141
19970811    -0.02188
19970812    -0.01574
19970813     0.01178
19970814     0.02496
19970815    -0.02922
19970818     0.01756
19970819    -0.00411
19970820     0.03465
19970821    -0.01196
19970822    -0.00888
19970825     0.01873
19970826    -0.00799
19970827    -0.00564
19970828    -0.02755
19970829     0.00500
19970902     0.02488
19970903     0.00728
19970904    -0.00482
19970905     0.01130
19970908    -0.03113
19970909     0.00165
19970910    -0.04605
19970911    -0.00431
19970912     0.00087
19970915    -0.03460
19970916     0.06810
19970917    -0.00336
19970918    -0.00253
19970919    -0.01097
19970922     0.02645
19970923     0.01081
19970924    -0.01891
19970925    -0.02263
19970926     0.01029
19970929     0.00679
19970930    -0.01433
19971001    -0.00342
19971002     0.04464
19971003     0.03205
19971006     0.01354
19971007     0.02671
19971008    -0.01071
19971009     0.01315
19971010    -0.00534
19971013     0.00384
19971014    -0.00994
19971015     0.02703
19971016    -0.01729
19971017    -0.02066
19971020     0.01797
19971021     0.03530
19971022    -0.00445
19971023    -0.02904
19971024    -0.01534
19971027    -0.09190
19971028     0.09777
19971029     0.00625
19971030    -0.00699
19971031     0.02619
19971103     0.03314
19971104    -0.01549
19971105     0.02397
19971106    -0.00878
19971107    -0.01328
19971110    -0.02094
19971111    -0.01451
19971112    -0.05116
19971113     0.00551
19971114     0.05789
19971117     0.02074
19971118    -0.00903
19971119     0.01025
19971120     0.02818
19971121    -0.00439
19971124    -0.02203
19971125     0.01276
19971126     0.00890
19971128     0.01396
19971201     0.04855
19971202    -0.04354
19971203     0.00470
19971204    -0.00611
19971205     0.03473
19971208     0.00420
19971209    -0.02577
19971210    -0.02359
19971211    -0.03148
19971212    -0.07407
19971215     0.01224
19971216     0.03387
19971217     0.01443
19971218    -0.01153
19971219    -0.00233
19971222     0.02222
19971223    -0.05950
19971224     0.00365
19971226     0.03152
19971229     0.05288
19971230     0.00670
19971231    -0.01109
19980102     0.04148
19980105    -0.00215
19980106    -0.01294
19980107    -0.02951
19980108     0.01126
19980109    -0.03341
19980112     0.02650
19980113     0.00561
19980114     0.01786
19980115     0.00768
19980116     0.00762
19980120     0.02808
19980121    -0.00210
19980122    -0.02737
19980123    -0.00108
19980126    -0.01842
19980127     0.04636
19980128     0.04430
19980129     0.03030
19980130    -0.01078
19980202     0.01388
19980203    -0.01466
19980204     0.02480
19980205    -0.00290
19980206     0.02427
19980209    -0.02938
19980210     0.01172
19980211     0.00193
19980212     0.00578
19980213    -0.00575
19980217     0.00096
19980218     0.00866
19980219    -0.00095
19980220     0.00573
19980223    -0.00285
19980224    -0.01333
19980225     0.03089
19980226    -0.00375
19980227    -0.00940
19980302    -0.00949
19980303    -0.01149
19980304     0.01163
19980305    -0.05268
19980306     0.04146
19980309    -0.04903
19980310     0.00255
19980311     0.02037
19980312     0.02096
19980313     0.00978
19980316    -0.00290
19980317     0.00291
19980318    -0.01549
19980319     0.01180
19980320    -0.01069
19980323     0.01768
19980324     0.04730
19980325     0.02581
19980326    -0.00270
19980327     0.00090
19980330    -0.02880
19980331     0.01390
19980401     0.01371
19980402     0.01353
19980403     0.00623
19980406    -0.02387
19980407     0.00000
19980408    -0.01087
19980409    -0.01832
19980413    -0.00746
19980414     0.01786
19980415     0.04432
19980416    -0.00707
19980417     0.00356
19980420     0.02573
19980421     0.02249
19980422    -0.00338
19980423    -0.02632
19980424     0.00349
19980427    -0.02085
19980428     0.00621
19980429     0.01587
19980430     0.01736
19980501     0.00512
19980504     0.01783
19980505    -0.01751
19980506     0.03226
19980507    -0.00822
19980508     0.00498
19980511    -0.01320
19980512     0.02174
19980513    -0.00491
19980514     0.00082
19980515     0.00411
19980518     0.01800
19980519     0.03396
19980520    -0.02196
19980521    -0.01113
19980522    -0.01125
19980526    -0.01138
19980527     0.02385
19980528    -0.00402
19980529    -0.02419
19980601    -0.02727
19980602     0.03908
19980603    -0.02371
19980604     0.03015
19980605     0.00732
19980608     0.00081
19980609     0.02581
19980610    -0.00472
19980611    -0.00079
19980612     0.00079
19980615    -0.01106
19980616     0.02157
19980617     0.00938
19980618     0.01782
19980619     0.01218
19980622     0.01805
19980623     0.02659
19980624     0.01079
19980625    -0.00854
19980626     0.03230
19980629     0.02156
19980630     0.00272
19980701     0.02716
19980702    -0.02049
19980706     0.00405
19980707    -0.00269
19980708     0.01617
19980709    -0.01393
19980710     0.00000
19980713     0.01412
19980714     0.00663
19980715     0.00725
19980716     0.00196
19980717     0.04178
19980720     0.03446
19980721    -0.04119
19980722    -0.00442
19980723     0.00635
19980724    -0.01387
19980727    -0.00256
19980728    -0.01538
19980729    -0.02083
19980730     0.04787
19980731    -0.02792
19980803     0.00783
19980804    -0.03497
19980805     0.03893
19980806     0.02713
19980807    -0.02516
19980810     0.02387
19980811    -0.01197
19980812     0.00574
19980813    -0.01902
19980814    -0.00259
19980817     0.01750
19980818     0.02102
19980819     0.01061
19980820     0.01358
19980821     0.00122
19980824     0.00243
19980825     0.00910
19980826    -0.00301
19980827    -0.04343
19980828    -0.04477
19980831    -0.13531
19980901     0.09924
19980902     0.01806
19980903    -0.01091
19980904    -0.01517
19980908     0.06022
19980909    -0.04029
19980910    -0.02615
19980911     0.04876
19980914     0.01011
19980915     0.03135
19980916     0.00323
19980917    -0.04836
19980918    -0.00711
19980921     0.01945
19980922     0.01004
19980923     0.05368
19980924    -0.01981
19980925     0.02310
19980928    -0.00282
19980929    -0.02453
19980930    -0.04352
19981001    -0.07381
19981002    -0.02620
19981005    -0.13341
19981006    -0.04398
19981007    -0.05007
19981008     0.06410
19981009     0.07229
19981012     0.04619
19981013    -0.03222
19981014     0.02836
19981015     0.09233
19981016    -0.02744
19981019     0.01580
19981020    -0.03778
19981021     0.06467
19981022     0.01410
19981023     0.00428
19981026     0.04579
19981027    -0.01018
19981028     0.03498
19981029    -0.00298
19981030     0.00499
19981102     0.02679
19981103    -0.02029
19981104     0.03452
19981105     0.03432
19981106    -0.00553
19981109    -0.00649
19981110     0.00000
19981111    -0.01399
19981112    -0.01325
19981113    -0.00767
19981116     0.03478
19981117     0.02708
19981118     0.06000
19981119     0.00600
19981120     0.01790
19981123     0.02094
19981124     0.00000
19981125     0.01148
19981127     0.03812
19981130    -0.05781
19981201     0.05804
19981202    -0.01881
19981203    -0.02636
19981204     0.02707
19981207     0.02476
19981208    -0.00468
19981209     0.01175
19981210     0.00542
19981211     0.02848
19981214    -0.03743
19981215     0.04199
19981216    -0.01269
19981217     0.02646
19981218     0.06554
19981221     0.04699
19981222    -0.00924
19981223     0.02865
19981224    -0.02396
19981228     0.00000
19981229    -0.00730
19981230    -0.00869
19981231     0.00135
19990104     0.02694
19990105     0.01705
19990106     0.02901
19990107     0.03885
19990108     0.02955
19990111    -0.01875
19990112    -0.06269
19990113    -0.02293
19990114     0.00522
19990115     0.05512
19990119     0.04610
19990120    -0.00235
19990121    -0.04535
19990122     0.01481
19990125     0.00608
19990126     0.03565
19990127    -0.03442
19990128     0.05257
19990129     0.02468
19990201     0.03081
19990202    -0.02269
19990203    -0.01126
19990204    -0.05287
19990205    -0.03800
19990208     0.00679
19990209    -0.05886
19990210     0.02736
19990211     0.06405
19990212    -0.05542
19990216     0.00000
19990217    -0.03975
19990218     0.01117
19990219     0.00975
19990222     0.05084
19990223     0.00857
19990224    -0.02914
19990225    -0.01438
19990226    -0.00698
19990301     0.01661
19990302    -0.03771
19990303    -0.00588
19990304     0.03285
19990305     0.02608
19990308     0.03720
19990309     0.00717
19990310    -0.00890
19990311     0.01078
19990312    -0.02133
19990315     0.01695
19990316     0.00952
19990317     0.00059
19990318     0.00766
19990319    -0.02222
19990322    -0.01675
19990323    -0.02372
19990324     0.04112
19990325     0.02873
19990326    -0.02094
19990329     0.04575
19990330    -0.00057
19990331    -0.00341
19990401     0.00342
19990405     0.04093
19990406     0.00710
19990407     0.03037
19990408    -0.00947
19990409     0.00425
19990412    -0.00317
19990413    -0.03079
19990414    -0.02957
19990415    -0.00395
19990416    -0.04193
19990419    -0.05381
19990420     0.01563
19990421     0.06277
19990422     0.04864
19990423     0.03700
19990426     0.00213
19990427    -0.02179
19990428    -0.02879
19990429    -0.02293
19990430     0.04465
19990503    -0.00384
19990504    -0.04400
19990505     0.02158
19990506    -0.03633
19990507     0.01461
19990510     0.00691
19990511     0.02403
19990512     0.06145
19990513    -0.00895
19990514    -0.01912
19990517     0.00866
19990518    -0.00215
19990519     0.00323
19990520    -0.01555
19990521    -0.01307
19990524    -0.03422
19990525    -0.04571
19990526     0.04551
19990527    -0.01031
19990528     0.00926
19990601    -0.01778
19990602     0.02860
19990603    -0.01192
19990604     0.05572
19990607     0.00435
19990608    -0.03196
19990609     0.01847
19990610    -0.02912
19990611     0.00226
19990614    -0.02597
19990615     0.03130
19990616     0.04553
19990617     0.00968
19990618     0.01704
19990621     0.03141
19990622    -0.03350
19990623     0.03992
19990624    -0.02626
19990625     0.01763
19990628     0.01019
19990629     0.00908
19990630     0.03100
19990701    -0.00097
19990702     0.04175
19990706    -0.00559
19990707    -0.00656
19990708     0.00283
19990709     0.00941
19990712    -0.02144
19990713    -0.00571
19990714     0.00096
19990715     0.01914
19990716    -0.00845
19990719    -0.01610
19990720    -0.04139
19990721     0.01305
19990722    -0.03072
19990723     0.02965
19990726    -0.02979
19990727     0.03071
19990728     0.00596
19990729    -0.02468
19990730     0.00607
19990802    -0.00503
19990803    -0.01112
19990804    -0.01022
19990805     0.01653
19990806     0.01220
19990809    -0.03916
19990810    -0.01776
19990811     0.07128
19990812    -0.01986
19990813     0.03040
19990816    -0.00098
19990817     0.01181
19990818    -0.01459
19990819    -0.01678
19990820     0.03012
19990823     0.02534
19990824     0.00951
19990825     0.03390
19990826     0.00455
19990827    -0.00635
19990830    -0.02555
19990831     0.01592
19990901     0.01659
19990902    -0.00997
19990903     0.03938
19990907    -0.00793
19990908    -0.02043
19990909     0.01451
19990910     0.01162
19990913    -0.00088
19990914     0.01768
19990915    -0.01998
19990916     0.00000
19990917     0.04255
19990920    -0.00425
19990921    -0.02818
19990922     0.01582
19990923    -0.03979
19990924    -0.00541
19990927    -0.01268
19990928     0.00367
19990929    -0.02285
19990930     0.02619
19991001     0.00456
19991004     0.02359
19991005     0.01596
19991006     0.00414
19991007    -0.01456
19991008     0.01323
19991011     0.00870
19991012    -0.00949
19991013    -0.02003
19991014    -0.01333
19991015    -0.03153
19991018     0.00279
19991019     0.00000
19991020     0.03803
19991021    -0.01072
19991022    -0.03794
19991025    -0.00094
19991026     0.01128
19991027     0.02881
19991028     0.02529
19991029     0.04317
19991101    -0.01520
19991102     0.00858
19991103    -0.02721
19991104    -0.02098
19991105     0.04911
19991108     0.02553
19991109    -0.01411
19991110     0.07071
19991111     0.05346
19991112    -0.00373
19991115    -0.00749
19991116     0.02038
19991117     0.00296
19991118     0.03761
19991119     0.00213
19991122    -0.00709
19991123     0.01143
19991124     0.04449
19991126     0.00811
19991129    -0.00469
19991130    -0.03841
19991201     0.02523
19991202     0.02256
19991203     0.02206
19991206     0.02812
19991207     0.03308
19991208    -0.01539
19991209    -0.01313
19991210     0.01204
19991213     0.01378
19991214    -0.03212
19991215    -0.02106
19991216     0.02086
19991217     0.01852
19991220     0.03574
19991221     0.00726
19991222    -0.01442
19991223     0.01890
19991227     0.00718
19991228     0.00000
19991229     0.00891
19991230     0.00059
19991231     0.00883
