20000103    -0.00245    -0.006808     0.002859    -0.009549
20000104    -0.08354    -0.039688    -0.017464    -0.038345
20000105     0.07105    -0.001035     0.007803     0.001922
20000106    -0.03880    -0.007384     0.004501     0.000956
20000107    -0.03776     0.032483     0.017006     0.027090
20000110    -0.04465     0.018602     0.015343     0.011190
20000111    -0.02975    -0.016844    -0.006093    -0.013063
20000112    -0.02336    -0.007000    -0.002522    -0.004386
20000113     0.03139     0.016214     0.013058     0.012170
20000114     0.02029     0.011138     0.009130     0.010671
20000118    -0.04403    -0.000810     0.012050    -0.006832
20000119     0.01040     0.004744     0.008121     0.000522
20000120     0.02941    -0.002759     0.003462    -0.007095
20000121     0.00000     0.002785     0.008252    -0.002912
20000124    -0.05000    -0.025311    -0.002536    -0.027634
20000125     0.01353     0.005502     0.000876     0.006065
20000126    -0.04154    -0.004571     0.003858    -0.004213
20000127    -0.06966    -0.003543    -0.002220    -0.003938
20000128    -0.00832    -0.028189    -0.014998    -0.027457
20000131     0.03188     0.014808    -0.005387     0.025218
20000201     0.01301     0.012324     0.008005     0.010628
20000202    -0.02087     0.003083     0.008163    -0.000114
20000203     0.00984     0.015559     0.013517     0.011248
20000204     0.00000     0.001020     0.006737    -0.000421
20000207    -0.02273     0.003111     0.009024    -0.000091
20000208    -0.01495     0.012717     0.009977     0.012273
20000209    -0.04047    -0.017119    -0.001770    -0.020822
20000210     0.09095     0.006510     0.007380     0.003634
20000211    -0.04954    -0.017345    -0.001104    -0.020969
20000214    -0.01186     0.002636     0.007270     0.002033
20000215     0.03945     0.007318     0.001395     0.008713
20000216     0.00330    -0.005288     0.004021    -0.010256
20000217     0.07072     0.005013     0.010392     0.000425
20000218    -0.01536    -0.026065    -0.006793    -0.030376
20000222    -0.00624     0.000631    -0.000432     0.004517
20000223     0.03925     0.012477     0.005501     0.006301
20000224     0.02417    -0.000365    -0.001448    -0.005336
20000225    -0.02655    -0.009537     0.000993    -0.014829
20000228    -0.00606     0.007724     0.006129     0.011017
20000229    -0.00457     0.019211     0.018782     0.013627
20000301     0.05398     0.014729     0.013943     0.009346
20000302     0.04468    -0.000614     0.004561     0.001863
20000303     0.02921     0.022584     0.014377     0.019837
20000306     0.01081    -0.006510     0.004812    -0.012695
20000307    -0.02139    -0.021707    -0.005036    -0.025631
20000308     0.02596     0.006427     0.001184     0.008173
20000309     0.07457     0.024020     0.013066     0.025602
20000310     0.01611    -0.002794     0.000292    -0.004723
20000313     0.06829    -0.014539    -0.008055    -0.008207
20000314     0.02169    -0.022361    -0.012347    -0.017685
20000315    -0.04022     0.006689    -0.005382     0.024280
20000316     0.02445     0.040990     0.015276     0.047639
20000317     0.02614     0.006551     0.003696     0.004114
20000320     0.02215    -0.016508    -0.014677    -0.005353
20000321     0.00542     0.019012    -0.004291     0.025566
20000322     0.00216     0.013621     0.012678     0.004532
20000323    -0.01075     0.014429     0.006436     0.017799
20000324    -0.01848     0.002136     0.001126     0.000072
20000327     0.02547    -0.003301    -0.002387    -0.002357
20000328    -0.03456    -0.013130    -0.008877    -0.010585
20000329    -0.03691    -0.010688    -0.013103     0.000524
20000330    -0.03020    -0.018195    -0.017732    -0.013656
20000331     0.03353     0.012121     0.013082     0.007164
20000403    -0.01043    -0.017277    -0.023603     0.004931
20000404     0.01756    -0.013054    -0.028027    -0.007464
20000405    -0.00719     0.001071     0.008257    -0.004924
20000406    -0.04376     0.016063     0.019034     0.009392
20000407     0.07030     0.014619     0.012981     0.009998
20000410    -0.01359    -0.019518    -0.016997    -0.007841
20000411     0.01837    -0.010390    -0.015818    -0.002572
20000412    -0.07328    -0.030076    -0.027043    -0.022271
20000413     0.00608    -0.017266    -0.015747    -0.018171
20000414    -0.07860    -0.066261    -0.063532    -0.058278
20000417     0.02362     0.029327    -0.009464     0.033084
20000418     0.03590     0.038726     0.048375     0.028663
20000419    -0.01856    -0.007608     0.011454    -0.009808
20000420     0.00757     0.000553     0.003072     0.004953
20000424    -0.04380    -0.010644    -0.017582    -0.003262
20000425     0.07068     0.038920     0.023615     0.033276
20000426    -0.02200    -0.011335    -0.002098    -0.011134
20000427     0.03500     0.007221     0.004434     0.002690
20000428    -0.03140     0.001164     0.014900    -0.008526
20000501     0.01870     0.015201     0.018060     0.010892
20000502    -0.02448    -0.019393    -0.008349    -0.014957
20000503    -0.01004    -0.021127    -0.014462    -0.021566
20000504    -0.04183     0.000927     0.006201    -0.003908
20000505     0.05556     0.015574     0.008439     0.016360
20000508    -0.03885    -0.010248    -0.006947    -0.005905
20000509    -0.02347    -0.011933    -0.010112    -0.008447
20000510    -0.04005    -0.026755    -0.023448    -0.020600
20000511    -0.00556     0.020463     0.013094     0.017902
20000512     0.11608     0.008348     0.004596     0.009341
20000515     0.01378     0.020628     0.004769     0.022098
20000516    -0.01360     0.013762     0.008254     0.009419
20000517    -0.01504    -0.013342    -0.006216    -0.012442
20000518    -0.02545    -0.010533    -0.005720    -0.007315
20000519    -0.01958    -0.024390    -0.015361    -0.021055
20000522    -0.02130    -0.007843    -0.015328    -0.004428
20000523    -0.04354    -0.023492    -0.014358    -0.019176
20000524     0.02987     0.015650    -0.008830     0.018335
20000525    -0.03315    -0.011704    -0.005182    -0.012530
20000526    -0.03143    -0.001782    -0.002741    -0.002533
20000530     0.03835     0.038020     0.021646     0.032242
20000531    -0.01989    -0.001978     0.002841    -0.001301
20000601     0.00000     0.025261     0.019440     0.019858
20000602     0.00435     0.029002     0.030817     0.019637
20000605    -0.01299    -0.003688     0.007890    -0.006519
20000606     0.04532    -0.008006     0.002686    -0.006671
20000607     0.01259     0.011079     0.008723     0.009274
20000608     0.00138    -0.005165     0.001034    -0.006586
20000609    -0.00552     0.001050     0.010056    -0.003229
20000612    -0.00416    -0.010942    -0.006035    -0.007516
20000613     0.00418     0.014620     0.002474     0.016210
20000614     0.02497    -0.000894     0.000571     0.000749
20000615     0.01624     0.005119    -0.002751     0.005569
20000616     0.01198    -0.006713    -0.001287    -0.009650
20000619     0.04342     0.016226     0.003198     0.014708
20000620    -0.02018    -0.002494    -0.000044    -0.006763
20000621     0.02960     0.003647     0.003107     0.002155
20000622    -0.03000    -0.018893    -0.006835    -0.018220
20000623    -0.02191    -0.009269    -0.002644    -0.007368
20000626     0.03294     0.009817     0.003306     0.009594
20000627    -0.02423    -0.005462    -0.002680    -0.003271
20000628     0.02484     0.007532     0.009500     0.002944
20000629    -0.01276    -0.006944    -0.001176    -0.008544
20000630     0.01938     0.007179     0.003358     0.008465
20000703    -0.00507     0.010142     0.009024     0.010271
20000705    -0.03312    -0.016350    -0.006482    -0.015862
20000706     0.00659     0.008861     0.004354     0.007219
20000707     0.06152     0.014670     0.005132     0.015261
20000710    -0.01850    -0.001425     0.002212    -0.002218
20000711     0.02010     0.002121     0.000482     0.003565
20000712     0.02586     0.013919     0.011111     0.008130
20000713     0.01681     0.005859     0.004405     0.001956
20000714     0.00236     0.010164     0.006735     0.009453
20000717     0.00942     0.001428     0.005179     0.000338
20000718    -0.00700    -0.012730    -0.004606    -0.011089
20000719    -0.03408    -0.011420    -0.006820    -0.007886
20000720     0.02798     0.013580     0.004754     0.009184
20000721    -0.00828    -0.012276    -0.008281    -0.010284
20000724    -0.11337    -0.014115    -0.009727    -0.010742
20000725     0.00808     0.006163    -0.001819     0.006952
20000726     0.00134    -0.011625    -0.004911    -0.014955
20000727    -0.02933    -0.010271    -0.013466    -0.001928
20000728    -0.03984    -0.023446    -0.016310    -0.020509
20000731     0.00572     0.010499     0.007197     0.007705
20000801    -0.05405     0.001104    -0.003006     0.005081
20000802    -0.04812     0.000597     0.000405     0.000417
20000803     0.03476     0.010148    -0.001736     0.009634
20000804     0.01069     0.009295     0.008047     0.007139
20000807     0.03172     0.012542     0.006635     0.011204
20000808    -0.02343     0.001378     0.000134     0.002352
20000809     0.00300    -0.004732     0.000013    -0.006697
20000810    -0.00149    -0.009600    -0.004777    -0.008568
20000811    -0.09731     0.008323     0.006042     0.007937
20000814    -0.02653     0.012766     0.005694     0.013398
20000815     0.03748    -0.003879    -0.001375    -0.004780
20000816     0.00985    -0.001204     0.002046    -0.003085
20000817     0.01789     0.011760     0.005211     0.010961
20000818    -0.00958    -0.002604     0.001246    -0.002908
20000821     0.00000     0.003640     0.002034     0.005202
20000822    -0.03387     0.000509     0.002003    -0.000900
20000823     0.03339     0.005070     0.002526     0.005233
20000824     0.00808     0.003482     0.005367     0.001554
20000825    -0.00962    -0.000061     0.005941    -0.001233
20000828     0.02265     0.004938     0.005058     0.005072
20000829     0.02690    -0.000539     0.004731    -0.002807
20000830    -0.01541    -0.000812     0.005606    -0.004802
20000831     0.09233     0.012029     0.011371     0.010043
20000901    -0.01289     0.005035     0.007541     0.002036
20000905    -0.04790    -0.008839    -0.000042    -0.009002
20000906    -0.03659    -0.012194    -0.001761    -0.009840
20000907     0.01741     0.007548     0.006168     0.006876
20000908    -0.03266    -0.008876    -0.005502    -0.005331
20000911    -0.01447    -0.004793    -0.003372    -0.003506
20000912    -0.02284    -0.005150    -0.002046    -0.004882
20000913    -0.03172     0.003436     0.000268     0.001970
20000914     0.01034     0.001345     0.004807    -0.002721
20000915    -0.02389    -0.011298    -0.005824    -0.010170
20000918    -0.03671    -0.018444    -0.018982    -0.014531
20000919     0.05445     0.012579     0.003366     0.010654
20000920     0.06196    -0.004677    -0.005834    -0.005863
20000921    -0.01621    -0.005724    -0.006880    -0.001578
20000922    -0.05272     0.003945    -0.002151    -0.000228
20000925    -0.04522    -0.004843    -0.004229    -0.006689
20000926    -0.02004    -0.009216    -0.009643    -0.008214
20000927    -0.03532    -0.002427    -0.007022    -0.000448
20000928     0.03083     0.022922     0.014466     0.022235
20000929    -0.07850    -0.012302     0.000785    -0.014935
20001002    -0.05071    -0.005987    -0.011854    -0.000195
20001003    -0.02350    -0.012217    -0.009381    -0.006803
20001004    -0.01313     0.006458    -0.001495     0.005510
20001005    -0.10643    -0.001109    -0.005787     0.001367
20001006     0.00496    -0.021814    -0.017413    -0.019000
20001009     0.01235    -0.003261    -0.005925    -0.004940
20001010    -0.05366    -0.014318    -0.011690    -0.010706
20001011    -0.05155    -0.017112    -0.017653    -0.016171
20001012     0.00815    -0.027444    -0.020823    -0.025509
20001013     0.17790     0.038735     0.021627     0.033381
20001016    -0.07151     0.002289     0.002146     0.000327
20001017    -0.03882    -0.019874    -0.018519    -0.017932
20001018     0.07692    -0.008580    -0.011112    -0.005808
20001019     0.09762     0.037123     0.025749     0.034743
20001020    -0.01302     0.009795     0.013441     0.005883
20001023    -0.03297     0.000110     0.006081    -0.000823
20001024    -0.02500    -0.001131     0.001388     0.001684
20001025    -0.03497    -0.027387    -0.015731    -0.023767
20001026     0.07246     0.000321     0.000814    -0.000337
20001027     0.00676     0.008614     0.005721     0.011096
20001030     0.03132     0.006685    -0.000079     0.013830
20001031     0.02386     0.028405     0.021838     0.021978
20001101     0.03178    -0.004479     0.001611    -0.005723
20001102     0.04517     0.010096     0.014666     0.004996
20001103     0.02358     0.000347     0.004902    -0.001141
20001106    -0.03263     0.001205     0.000188     0.003855
20001107     0.03373    -0.000971     0.001552    -0.000223
20001108    -0.06910    -0.018974    -0.009607    -0.015777
20001109    -0.06392    -0.009805    -0.011649    -0.006486
20001110    -0.18943    -0.026466    -0.017447    -0.024398
20001113     0.04891    -0.013326    -0.012678    -0.010776
20001114     0.06995     0.026089     0.015987     0.023452
20001115    -0.02421     0.005536    -0.000127     0.004960
20001116    -0.00993    -0.016523    -0.013756    -0.012584
20001117     0.00000    -0.004600    -0.001549    -0.003352
20001120    -0.06266    -0.023924    -0.020696    -0.018352
20001121     0.01070     0.000272    -0.011458     0.003523
20001122    -0.02646    -0.020817    -0.019061    -0.018548
20001124     0.05978     0.021168     0.020281     0.014678
20001127     0.00256     0.003621    -0.004667     0.005366
20001128    -0.08184    -0.017037    -0.022892    -0.009548
20001129    -0.02786     0.000662    -0.013989     0.004371
20001130    -0.11748    -0.019286    -0.019437    -0.020105
20001201    -0.04221     0.006134     0.018336     0.000213
20001204     0.02034     0.003561    -0.010931     0.007406
20001205     0.07641     0.045427     0.027533     0.038922
20001206    -0.11111    -0.016476    -0.007790    -0.018220
20001207    -0.03125    -0.006000    -0.007371    -0.005853
20001208     0.06452     0.028576     0.026017     0.019605
20001211     0.08081     0.011977     0.012100     0.007526
20001212     0.08178    -0.010894    -0.006394    -0.006535
20001213    -0.05832    -0.011559    -0.006037    -0.008161
20001214    -0.02446    -0.016943    -0.013291    -0.014015
20001215    -0.00313    -0.017819    -0.010895    -0.021463
20001218    -0.01887     0.005251    -0.009968     0.008071
20001219    -0.06410    -0.015970    -0.014531    -0.012958
20001220    -0.08904    -0.035373    -0.037598    -0.031296
20001221     0.03383     0.005303    -0.005015     0.008002
20001222     0.06909     0.030316     0.026255     0.024403
20001226    -0.04762     0.005453    -0.005793     0.007060
20001227     0.02857     0.013915     0.010886     0.010440
20001228    -0.00347     0.009418     0.022096     0.003988
20001229    -0.02787    -0.011383     0.016061    -0.010448
20010102     0.00358    -0.034413    -0.001131    -0.028032
20010103     0.14286     0.053147     0.046215     0.050099
20010104    -0.04062    -0.011976     0.011353    -0.010552
20010105    -0.00977    -0.029051    -0.008607    -0.026242
20010108     0.00658    -0.003491    -0.005050    -0.001918
20010109     0.03268     0.005122     0.011816     0.003812
20010110     0.07911     0.014013     0.020660     0.009586
20010111     0.07038     0.015009     0.027173     0.010318
20010112    -0.03014    -0.003540     0.019464    -0.006406
20010116    -0.02825     0.006358     0.019397     0.006319
20010117     0.05523     0.004467     0.012765     0.002126
20010118     0.06612     0.012279     0.008503     0.013915
20010119     0.05943    -0.004073     0.003889    -0.004028
20010122    -0.00488     0.000297     0.005409     0.000268
20010123     0.03431     0.015849     0.014503     0.013032
20010124     0.02844     0.003315     0.007334     0.002867
20010125    -0.02535    -0.007606    -0.003271    -0.004977
20010126     0.00236    -0.000711     0.001981    -0.001886
20010129     0.07311     0.009076     0.010241     0.006805
20010130    -0.01099     0.006552     0.009496     0.007008
20010131    -0.07111    -0.006784    -0.000186    -0.005620
20010201    -0.00718     0.003970     0.001981     0.005461
20010202    -0.02892    -0.018733    -0.009211    -0.017474
20010205    -0.02978     0.001971    -0.003800     0.003587
20010206     0.09974     0.000527     0.002484    -0.001514
20010207    -0.01395    -0.008844    -0.004372    -0.008408
20010208    -0.01651    -0.006459    -0.003184    -0.006235
20010209    -0.09832    -0.014349    -0.009420    -0.013336
20010212    -0.01064     0.010520     0.004851     0.011827
20010213    -0.04301    -0.008659    -0.003471    -0.008652
20010214     0.03090    -0.000092    -0.000471    -0.002184
20010215     0.08992     0.008954     0.009176     0.008124
20010216    -0.06000    -0.020701    -0.014249    -0.018905
20010220    -0.06383    -0.018824    -0.012333    -0.017357
20010221    -0.06250    -0.018269    -0.015747    -0.018508
20010222     0.06364    -0.004558    -0.010730    -0.001952
20010223     0.05983    -0.003839    -0.002959    -0.005555
20010226    -0.01882     0.019095     0.016207     0.017490
20010227    -0.02466    -0.011368    -0.011579    -0.007660
20010228    -0.01685    -0.013862    -0.008457    -0.014309
20010301    -0.01714     0.000401    -0.005529     0.001040
20010302     0.02616    -0.004954     0.004577    -0.005680
20010305     0.06232     0.005377     0.001909     0.005858
20010306     0.11733     0.011431     0.009974     0.009981
20010307    -0.00955     0.006064     0.005565     0.006452
20010308     0.00723    -0.001372    -0.004224     0.002259
20010309    -0.10526    -0.024402    -0.015035    -0.024764
20010312    -0.05615    -0.042297    -0.030858    -0.043181
20010313     0.08499     0.014996     0.005282     0.014829
20010314     0.01828    -0.024959    -0.017757    -0.025842
20010315    -0.00769     0.003364    -0.000260     0.005871
20010316    -0.02067    -0.020696    -0.017616    -0.019624
20010319     0.05013     0.018661     0.009298     0.017627
20010320    -0.01759    -0.023225    -0.008476    -0.024077
20010321     0.01023    -0.018500    -0.015924    -0.017924
20010322     0.06329    -0.004235    -0.011322    -0.004064
20010323     0.04524     0.020536     0.020735     0.019909
20010326    -0.06378     0.010977     0.007545     0.011282
20010327     0.05109     0.023022     0.009043     0.025575
20010328    -0.02083    -0.026050    -0.017864    -0.024430
20010329     0.01891    -0.005389    -0.006638    -0.004630
20010330    -0.04640     0.012022     0.016029     0.010784
20010402    -0.06326    -0.015496    -0.021388    -0.012462
20010403    -0.02597    -0.035986    -0.034221    -0.034393
20010404    -0.05333    -0.003286    -0.008293    -0.002901
20010405     0.13521     0.046072     0.039420     0.043680
20010406    -0.01489    -0.020067    -0.012900    -0.019984
20010409     0.00312     0.009136     0.006263     0.008117
20010410     0.05504     0.028979     0.023256     0.027066
20010411     0.01828    -0.000881     0.006776    -0.002131
20010412     0.04413     0.015891     0.014526     0.015104
20010416    -0.02901    -0.004972    -0.003693    -0.003228
20010417    -0.02803     0.010639     0.004963     0.010282
20010418     0.08046     0.039663     0.028608     0.038890
20010419     0.07095     0.014762     0.015537     0.012551
20010420    -0.01214    -0.008472     0.001158    -0.008551
20010423    -0.02556    -0.016712    -0.008230    -0.014980
20010424    -0.11925    -0.010948     0.001786    -0.012161
20010425     0.04410     0.016429     0.011492     0.015941
20010426    -0.06187     0.005097     0.007542     0.004696
20010427     0.02686     0.014495     0.011168     0.015010
20010430     0.00923     0.000784     0.010092    -0.002865
20010501    -0.01829     0.013292     0.010480     0.013590
20010502     0.03766     0.003402     0.012459     0.000782
20010503    -0.06734    -0.015216    -0.005414    -0.014873
20010504     0.03650     0.014006     0.010738     0.014440
20010507     0.00271    -0.003214     0.001476    -0.002447
20010508    -0.04168    -0.000499     0.004878    -0.001828
20010509    -0.00926    -0.004393     0.000589    -0.004488
20010510    -0.00813    -0.000569     0.003126    -0.000287
20010511     0.00328    -0.007444    -0.001847    -0.007577
20010514    -0.01185     0.001023    -0.002812     0.002609
20010515     0.01240     0.001307     0.004048     0.000416
20010516     0.03634     0.027248     0.009950     0.028453
20010517     0.01970     0.005791     0.010521     0.002724
20010518    -0.04212     0.002711     0.004571     0.002693
20010521     0.04236     0.018639     0.015968     0.016154
20010522     0.00387    -0.001637     0.007106    -0.002628
20010523     0.03354    -0.016795    -0.007035    -0.015526
20010524    -0.00522     0.004130     0.005501     0.003196
20010525     0.01237    -0.009989     0.002644    -0.011816
20010529    -0.05000    -0.010303    -0.008254    -0.007794
20010530    -0.04834    -0.017595    -0.016137    -0.015655
20010531    -0.00205     0.007683     0.007385     0.006202
20010601     0.01026     0.005383     0.006178     0.003862
20010604     0.01585     0.005126     0.005395     0.005108
20010605     0.04880     0.014209     0.011519     0.012990
20010606    -0.03661    -0.009412    -0.003245    -0.010549
20010607     0.01386     0.005362     0.005451     0.005457
20010608     0.00312    -0.009544    -0.002053    -0.009397
20010611    -0.01674    -0.009617    -0.005670    -0.008356
20010612     0.03325     0.000281    -0.001294     0.001164
20010613    -0.03487    -0.010092    -0.002359    -0.011347
20010614    -0.00595    -0.019196    -0.014896    -0.017502
20010615    -0.02875    -0.004870    -0.004954    -0.004517
20010618    -0.01645    -0.006635    -0.012870    -0.004883
20010619    -0.01045     0.001733    -0.005598     0.003434
20010620    -0.00929     0.009851     0.001322     0.008709
20010621     0.00213     0.009875     0.003736     0.011364
20010622    -0.00383    -0.009024    -0.002506    -0.009450
20010625     0.03588    -0.004926    -0.000232    -0.005509
20010626     0.03093    -0.000050     0.004985    -0.001510
20010627     0.02960    -0.002043     0.004311    -0.004676
20010628     0.02642     0.012652     0.007551     0.012493
20010629    -0.01022     0.004363     0.018676    -0.001452
20010702     0.02753     0.005370    -0.005515     0.010037
20010703     0.00149    -0.001744    -0.000220    -0.001827
20010705    -0.02601    -0.012044    -0.007426    -0.012321
20010706    -0.02213    -0.022170    -0.011830    -0.023498
20010709     0.04175     0.005685     0.002077     0.006879
20010710    -0.04082    -0.014265    -0.009415    -0.014398
20010711     0.01445    -0.002208    -0.005404    -0.001134
20010712     0.05350     0.023548     0.014724     0.023691
20010713     0.02119     0.005349     0.003956     0.006241
20010716    -0.02970    -0.011682    -0.007323    -0.010883
20010717     0.05973     0.010692     0.005277     0.009971
20010718    -0.05358    -0.006853    -0.008032    -0.005542
20010719     0.04338     0.005218     0.005469     0.006053
20010720    -0.01727    -0.002892     0.000342    -0.003432
20010723    -0.04769    -0.014681    -0.005555    -0.016369
20010724     0.00188    -0.016284    -0.011530    -0.016272
20010725     0.05261     0.013721     0.002767     0.016080
20010726    -0.00500     0.011505     0.007667     0.010449
20010727    -0.01471     0.003325     0.003537     0.002402
20010730     0.00000    -0.001220    -0.001132    -0.001078
20010731    -0.01930     0.004887     0.003212     0.005571
20010801     0.00928     0.005068     0.006429     0.003880
20010802     0.04599     0.003190     0.002546     0.003964
20010803    -0.01266    -0.004647     0.000538    -0.005243
20010806    -0.00819    -0.011056    -0.005872    -0.011422
20010807    -0.00467     0.002241    -0.000396     0.003265
20010808    -0.03861    -0.016802    -0.009976    -0.017328
20010809     0.00000    -0.000156    -0.001137    -0.000084
20010810     0.01014     0.004316     0.000760     0.005687
20010813     0.00409     0.002404     0.002522     0.000949
20010814    -0.01665    -0.002682     0.001603    -0.003828
20010815    -0.04027    -0.006896    -0.004703    -0.007339
20010816    -0.00471     0.001832    -0.002093     0.003090
20010817    -0.09377    -0.015967    -0.006839    -0.016663
20010820    -0.01217     0.006848    -0.000471     0.008124
20010821    -0.03125    -0.011516    -0.008021    -0.012079
20010822     0.00636     0.007340     0.004428     0.006956
20010823    -0.01445    -0.002801    -0.003713    -0.002763
20010824     0.05909     0.018265     0.010828     0.019654
20010827    -0.00303    -0.003784    -0.001761    -0.004827
20010828    -0.01735    -0.014311    -0.007404    -0.015010
20010829    -0.03753    -0.009582    -0.002892    -0.011115
20010830    -0.03073    -0.015685    -0.009196    -0.017038
20010831     0.01183     0.004032     0.005737     0.004030
20010904     0.04350    -0.001561    -0.005696    -0.000565
20010905     0.00314    -0.003242    -0.008916    -0.001059
20010906    -0.03932    -0.020763    -0.014206    -0.022390
20010907     0.00233    -0.017734    -0.011469    -0.018637
20010910     0.04733     0.003639    -0.007386     0.006226
20010917    -0.08285    -0.050748    -0.042422    -0.049216
20010918    -0.04396    -0.008281    -0.009903    -0.005805
20010919    -0.03588    -0.017049    -0.023985    -0.016112
20010920    -0.08386    -0.030550    -0.032690    -0.031060
20010921    -0.04863    -0.018674    -0.020124    -0.019034
20010924     0.11846     0.037721     0.033197     0.038983
20010925     0.03011     0.007542     0.003942     0.008790
20010926    -0.05219    -0.006137    -0.009992    -0.005167
20010927    -0.00661     0.010633    -0.000597     0.011489
20010928     0.02716     0.022755     0.025120     0.021922
20011001     0.00971    -0.004402    -0.010047    -0.002296
20011002    -0.00909     0.011640     0.006999     0.012306
20011003     0.11327     0.022401     0.020645     0.019927
20011004     0.08140    -0.000196     0.011080    -0.002471
20011005     0.01075     0.000461     0.000516     0.001636
20011008     0.02482    -0.007742    -0.001954    -0.008344
20011009    -0.02033    -0.004794    -0.004059    -0.005356
20011010     0.02517     0.023204     0.019412     0.022938
20011011     0.07537     0.017366     0.019487     0.015208
20011012    -0.03364    -0.005407     0.000103    -0.005267
20011015    -0.02279    -0.000726     0.002574    -0.001530
20011016     0.02926     0.007825     0.011382     0.006936
20011017    -0.04326    -0.019508    -0.006438    -0.018633
20011018     0.00000    -0.007113    -0.004989    -0.007873
20011019     0.03575     0.004963     0.004698     0.004557
20011022     0.02079     0.014551     0.008028     0.015296
20011023     0.00367    -0.004381     0.000508    -0.004698
20011024     0.01055     0.000985     0.003882     0.000387
20011025     0.03855     0.013797     0.011123     0.013721
20011026    -0.01392     0.004224     0.007211     0.004109
20011029    -0.05529    -0.022778    -0.008938    -0.023818
20011030    -0.03528    -0.017137    -0.011459    -0.017166
20011031     0.03184     0.002212     0.010770    -0.000009
20011101     0.02377     0.020699     0.008807     0.022948
20011102     0.01507     0.002175    -0.000768     0.002860
20011105     0.01525     0.014025     0.008504     0.014386
20011106     0.03715     0.014124     0.007055     0.014526
20011107     0.00038    -0.001922     0.000711    -0.002735
20011108    -0.00419     0.000929     0.002986     0.002456
20011109    -0.01492     0.000964     0.003398     0.001582
20011112     0.00155    -0.000560     0.001319    -0.001767
20011113     0.03994     0.018709     0.013968     0.018563
20011114     0.02386     0.003450     0.007518     0.001861
20011115     0.00838     0.000006     0.000386     0.000903
20011116    -0.03936    -0.001743     0.006135    -0.003143
20011119     0.01203     0.011679     0.011582     0.010899
20011120    -0.01969    -0.008242    -0.004848    -0.007298
20011121    -0.01667    -0.004546     0.000327    -0.004927
20011123     0.01580     0.011793     0.010444     0.011706
20011126     0.02124     0.007409     0.005696     0.006155
20011127    -0.01634    -0.005101     0.001680    -0.006843
20011128    -0.01850    -0.017358    -0.009949    -0.018251
20011129     0.04117     0.011234     0.009142     0.010350
20011130     0.03215    -0.000889     0.001078    -0.000658
20011203    -0.00967    -0.008378    -0.007378    -0.008381
20011204     0.01518     0.014635     0.011948     0.013187
20011205     0.05662     0.023139     0.016934     0.022318
20011206    -0.00876    -0.001177     0.006284    -0.002777
20011207    -0.01598    -0.007340     0.001822    -0.007531
20011210    -0.00104    -0.015122    -0.007332    -0.015868
20011211     0.00519    -0.001776     0.002843    -0.002781
20011212     0.00413     0.000527     0.002093     0.000273
20011213    -0.02399    -0.015370    -0.008340    -0.015558
20011214    -0.01264     0.003464     0.002309     0.003314
20011217     0.01280     0.010315     0.005058     0.010035
20011218     0.01124     0.008232     0.007095     0.007546
20011219    -0.00521     0.003781    -0.002722     0.005810
20011220    -0.03735    -0.009370    -0.008659    -0.008377
20011221     0.00000     0.006055     0.010192     0.004351
20011224     0.00689     0.000277     0.003719    -0.000210
20011226     0.00648     0.005313     0.006924     0.004124
20011227    -0.00215     0.006939     0.008037     0.006752
20011228    -0.00574     0.004351     0.009327     0.003362
20011231    -0.01983    -0.009754     0.006608    -0.011145
20020102     0.01177     0.003897     0.007930     0.005740
20020103     0.05564     0.009834     0.012931     0.009180
20020104     0.01929     0.006916     0.011241     0.006213
20020107     0.00101    -0.006582    -0.000098    -0.006499
20020108     0.00068    -0.002428     0.004889    -0.003588
20020109    -0.00843    -0.004329     0.000739    -0.004799
20020110    -0.00204     0.000571     0.000325     0.001221
20020111    -0.01125    -0.008834    -0.003941    -0.009468
20020114    -0.02828    -0.008108    -0.010401    -0.006276
20020115     0.01419     0.005763     0.001015     0.006834
20020116    -0.03534    -0.016284    -0.010982    -0.016245
20020117     0.05005     0.010164     0.006970     0.010030
20020118    -0.02936    -0.010164    -0.006133    -0.009922
20020122    -0.04982    -0.007811    -0.008115    -0.007334
20020123    -0.00075     0.008898     0.007761     0.007925
20020124     0.02324     0.004052     0.005585     0.003519
20020125     0.04175     0.001019     0.000233     0.000998
20020128    -0.00070     0.000062     0.000423    -0.000194
20020129    -0.04328    -0.025342    -0.011407    -0.028613
20020130     0.01398     0.010283     0.003623     0.011748
20020131    -0.00290     0.013272     0.009555     0.014934
20020201    -0.02510    -0.006493    -0.002168    -0.007078
20020204     0.00149    -0.023848    -0.016164    -0.024737
20020205    -0.01043    -0.004912    -0.007886    -0.004039
20020206     0.00452    -0.007173    -0.009991    -0.005972
20020207    -0.01799    -0.003638    -0.005925    -0.003083
20020208     0.00191     0.015794     0.011971     0.014859
20020211     0.02095     0.013424     0.007832     0.014340
20020212     0.00187    -0.003313    -0.000146    -0.003993
20020213     0.01825     0.009495     0.005809     0.009941
20020214    -0.01939    -0.002659    -0.004763    -0.001815
20020215    -0.04513    -0.010429    -0.003795    -0.011017
20020219    -0.04688    -0.018818    -0.014634    -0.018874
20020220     0.03443     0.012959     0.004967     0.013514
20020221    -0.05824    -0.014575    -0.008732    -0.015510
20020222    -0.00042     0.007261     0.003896     0.008224
20020225     0.05850     0.016519     0.005144     0.017975
20020226     0.00676     0.001179     0.003438    -0.000045
20020227    -0.00197     0.001048     0.002725     0.000460
20020228    -0.02295    -0.002984    -0.001043    -0.002847
20020301     0.07088     0.021935     0.012223     0.022634
20020304     0.04690     0.020361     0.015138     0.019491
20020305     0.00181    -0.004798     0.002721    -0.006673
20020306     0.00757     0.013929     0.012586     0.014510
20020307    -0.01253    -0.003813     0.003753    -0.004498
20020308     0.04784     0.006913     0.008688     0.005849
20020311    -0.00692     0.002806     0.004535     0.003393
20020312    -0.02473    -0.002844    -0.002644    -0.002294
20020313    -0.04143    -0.009117    -0.003453    -0.009858
20020314    -0.03428    -0.000084     0.003722    -0.000910
20020315    -0.00772     0.010234     0.004637     0.011379
20020318     0.02605     0.001248     0.004762    -0.000523
20020319     0.02425     0.003397     0.002590     0.004067
20020320    -0.00407    -0.014449    -0.005637    -0.015757
20020321     0.00260     0.003150     0.006328     0.001511
20020322    -0.01593    -0.004238    -0.000446    -0.004239
20020325    -0.00941    -0.014386    -0.007032    -0.014651
20020326    -0.00456     0.005799     0.004706     0.005849
20020327    -0.00916     0.005544     0.005706     0.005349
20020328     0.00617     0.002998     0.005529     0.002455
20020401     0.03945    -0.001007    -0.001173    -0.000741
20020402    -0.02100    -0.008748    -0.004705    -0.008530
20020403    -0.01430    -0.009573    -0.005972    -0.009993
20020404     0.02138     0.000948     0.000784     0.000835
20020405    -0.01234    -0.002548    -0.000056    -0.003205
20020408     0.01741     0.003046     0.002494     0.002280
20020409    -0.01153    -0.005608    -0.001580    -0.006656
20020410     0.01016     0.011469     0.008537     0.011335
20020411    -0.02124    -0.021412    -0.010058    -0.023689
20020412    -0.00571     0.008334     0.011355     0.006632
20020415    -0.00957    -0.006015    -0.001157    -0.007615
20020416     0.05180     0.022047     0.016437     0.023418
20020417     0.00588    -0.001979     0.001032    -0.002038
20020418    -0.00621    -0.001521     0.003114    -0.001421
20020419     0.00515     0.000702     0.002056     0.000623
20020422    -0.00695    -0.014786    -0.008459    -0.015411
20020423    -0.01731    -0.005263    -0.001447    -0.006201
20020424    -0.00862    -0.006127    -0.002363    -0.007103
20020425     0.01323    -0.001728    -0.002206    -0.001519
20020426    -0.03433    -0.013429    -0.009105    -0.013889
20020429    -0.01198    -0.008865    -0.006287    -0.010099
20020430     0.03011     0.012148     0.009813     0.010765
20020501     0.00532     0.007567     0.000987     0.008859
20020502    -0.04003    -0.001690     0.000071    -0.001749
20020503    -0.04327    -0.009022    -0.001775    -0.010262
20020506    -0.02344    -0.018260    -0.011334    -0.019340
20020507    -0.05979    -0.003678    -0.005549    -0.003021
20020508     0.14868     0.034532     0.019021     0.037504
20020509    -0.01598    -0.013980    -0.008036    -0.014547
20020510    -0.05388    -0.015497    -0.008262    -0.016794
20020513     0.06198     0.017038     0.007352     0.018550
20020514     0.06073     0.021009     0.015248     0.021144
20020515     0.02974    -0.003488     0.000820    -0.005659
20020516     0.00542     0.003482    -0.000955     0.006562
20020517     0.00359     0.006989     0.003735     0.007612
20020520    -0.02576    -0.011970    -0.005618    -0.013293
20020521    -0.01285    -0.011204    -0.008583    -0.010990
20020522     0.01935     0.003715    -0.002241     0.005686
20020523     0.00292     0.010537     0.007424     0.010184
20020524    -0.00946    -0.011290    -0.004766    -0.012087
20020528    -0.01359    -0.006942    -0.001725    -0.008553
20020529    -0.01006    -0.006624    -0.005689    -0.006412
20020530     0.01655    -0.002387    -0.000983    -0.002810
20020531    -0.00629     0.002136     0.003384     0.002329
20020603    -0.02495    -0.024016    -0.017750    -0.024795
20020604     0.02865    -0.001412    -0.003790     0.000010
20020605    -0.00260     0.007654     0.000182     0.008850
20020606    -0.01452    -0.018441    -0.014852    -0.019764
20020607    -0.00718    -0.000152     0.001623    -0.001574
20020610    -0.00190     0.001761    -0.002920     0.003124
20020611    -0.01220    -0.016068    -0.008866    -0.016629
20020612     0.03281     0.004725    -0.004296     0.006571
20020613    -0.02653    -0.010232    -0.006926    -0.010488
20020614    -0.01267    -0.001012     0.000321    -0.002268
20020617     0.03733     0.026843     0.014650     0.028691
20020618     0.00112     0.000411    -0.000501     0.000936
20020619    -0.07413    -0.015518    -0.014486    -0.016536
20020620    -0.03235    -0.012563    -0.003614    -0.013432
20020621     0.00209    -0.014472    -0.002289    -0.017043
20020624     0.03461     0.001371    -0.004949     0.003619
20020625    -0.04837    -0.015515    -0.007698    -0.016702
20020626     0.03812    -0.003239    -0.008459    -0.002674
20020627     0.05263     0.016240     0.011502     0.017575
20020628     0.01318     0.001980     0.012012    -0.000838
20020701    -0.03749    -0.021992    -0.018500    -0.021378
20020702    -0.02464    -0.022468    -0.022556    -0.021225
20020703     0.00570     0.003798    -0.004777     0.006223
20020705     0.05308     0.034295     0.022074     0.036730
20020708    -0.04771    -0.011394    -0.007737    -0.012184
20020709    -0.00040    -0.021888    -0.006822    -0.024719
20020710    -0.04325    -0.029828    -0.016345    -0.033962
20020711     0.01098     0.005045    -0.004089     0.007496
20020712     0.04597    -0.005811    -0.001582    -0.006448
20020715     0.01798    -0.004748    -0.010143    -0.003755
20020716     0.02787    -0.014182    -0.000399    -0.018389
20020717     0.00573     0.005825     0.005138     0.005538
20020718    -0.01101    -0.025145    -0.013656    -0.027019
20020719    -0.03724    -0.032925    -0.019186    -0.038341
20020722    -0.05223    -0.031896    -0.021153    -0.032922
20020723    -0.04333    -0.029354    -0.031148    -0.027017
20020724     0.06596     0.052142     0.017952     0.057315
20020725    -0.06724    -0.005866    -0.003189    -0.005620
20020726     0.00885     0.014833     0.007041     0.016884
20020729     0.07190     0.053144     0.034791     0.054078
20020730     0.02618     0.004790     0.005457     0.004249
20020731    -0.00638     0.005805    -0.003661     0.009792
20020801    -0.02447    -0.025789    -0.008844    -0.029574
20020802    -0.00781    -0.022463    -0.017786    -0.023082
20020805    -0.04227    -0.032890    -0.021335    -0.034296
20020806     0.05236     0.029945     0.021555     0.029919
20020807     0.01275     0.016929     0.004294     0.020010
20020808     0.03898     0.029419     0.010806     0.032722
20020809     0.00039     0.003318     0.002430     0.003512
20020812     0.01172    -0.003884    -0.000013    -0.005327
20020813    -0.00695    -0.020367    -0.011782    -0.021675
20020814     0.05556     0.035454     0.016200     0.040047
20020815    -0.00033     0.011674     0.004703     0.011559
20020816     0.01437     0.000838     0.006847    -0.001591
20020819     0.02143     0.020903     0.011817     0.023633
20020820    -0.01494    -0.012082    -0.004424    -0.013979
20020821     0.01264     0.013531     0.016605     0.012726
20020822     0.01355     0.012843     0.011892     0.014052
20020823    -0.02040    -0.021627    -0.009218    -0.022686
20020826     0.00108     0.008418     0.010806     0.007536
20020827    -0.02618    -0.014444    -0.010728    -0.013851
20020828    -0.01584    -0.017528    -0.013281    -0.018132
20020829     0.00112     0.001892     0.003487    -0.000076
20020830    -0.00486    -0.002361     0.002641    -0.001885
20020903    -0.02742    -0.038105    -0.023513    -0.041536
20020904     0.00348     0.017203     0.011722     0.017517
20020905    -0.03002    -0.015425    -0.013073    -0.015950
20020906     0.03571     0.017479     0.014891     0.016800
20020909     0.00498     0.008681     0.000370     0.010113
20020910     0.01525     0.006494     0.002789     0.007331
20020911    -0.00676     0.000579     0.002457    -0.000143
20020912    -0.00454    -0.022834    -0.010875    -0.024784
20020913     0.01785     0.003340     0.002255     0.003270
20020916    -0.00187    -0.000175    -0.006279     0.001450
20020917     0.00336    -0.018377    -0.012231    -0.019728
20020918    -0.00708    -0.005012    -0.006705    -0.004648
20020919    -0.05148    -0.028742    -0.017944    -0.030065
20020920    -0.01772     0.002190     0.000703     0.002455
20020923    -0.02578    -0.014718    -0.019514    -0.013828
20020924    -0.00827    -0.015189    -0.011340    -0.017284
20020925     0.03710     0.023894     0.016001     0.024863
20020926     0.00563     0.017126     0.007836     0.018210
20020927    -0.02878    -0.028463    -0.014794    -0.032259
20020930    -0.03251    -0.012028    -0.003513    -0.014600
20021001     0.04806     0.033744     0.008403     0.040010
20021002     0.02760    -0.022599    -0.011973    -0.023587
20021003    -0.00079    -0.011142    -0.006095    -0.010822
20021004    -0.02134    -0.022017    -0.016275    -0.022431
20021007     0.00767    -0.020070    -0.021450    -0.019111
20021008     0.01523     0.013973    -0.002035     0.016898
20021009    -0.01303    -0.027482    -0.024312    -0.027287
20021010     0.02836     0.033652     0.015298     0.034966
20021011     0.02727     0.036684     0.025610     0.039059
20021014     0.00909     0.006626     0.003315     0.007327
20021015     0.03340     0.044987     0.031316     0.047336
20021016    -0.01888    -0.023189    -0.011635    -0.024113
20021017     0.02665     0.023697     0.025629     0.022302
20021018     0.02704     0.004787     0.002481     0.005903
20021021     0.01264     0.016371     0.010104     0.017334
20021022    -0.01248    -0.011229    -0.005751    -0.010626
20021023     0.01790     0.007493     0.012607     0.006718
20021024    -0.02103    -0.013250     0.001466    -0.015221
20021025     0.02290     0.016176     0.013786     0.017167
20021028    -0.00241    -0.007481     0.000277    -0.008266
20021029    -0.01070    -0.009271    -0.004019    -0.009076
20021030     0.01396     0.010492     0.012382     0.009704
20021031    -0.01549    -0.003857     0.005794    -0.005557
20021101     0.01293     0.017035     0.017745     0.017160
20021104     0.03692     0.008597     0.014840     0.008191
20021105    -0.01265     0.006210     0.002002     0.007761
20021106     0.01079     0.009858     0.015698     0.009144
20021107    -0.00634    -0.021734    -0.010866    -0.022852
20021108    -0.00034    -0.008849    -0.003372    -0.008763
20021111    -0.02283    -0.020412    -0.014146    -0.020732
20021112     0.01271     0.008249     0.008797     0.007715
20021113     0.01934    -0.000255     0.000292    -0.000476
20021114     0.02962     0.023965     0.017247     0.024634
20021115    -0.03620     0.005985     0.002714     0.006149
20021118    -0.03018    -0.008941    -0.001593    -0.010409
20021119    -0.02006    -0.004620    -0.003056    -0.004021
20021120     0.03070     0.018486     0.015666     0.019415
20021121    -0.00787     0.021153     0.018413     0.021452
20021122    -0.01277    -0.001985     0.005699    -0.003438
20021125     0.00210     0.003440     0.011743     0.002504
20021126    -0.01186    -0.019743    -0.005697    -0.020978
20021127     0.02471     0.027226     0.021840     0.027986
20021129    -0.01481    -0.002533     0.004968    -0.002727
20021202     0.01154    -0.000092     0.003990    -0.001901
20021203     0.00415    -0.014825    -0.009903    -0.014745
20021204    -0.01033    -0.003779    -0.004984    -0.003454
20021205    -0.01739    -0.010742    -0.006009    -0.012010
20021206     0.01416     0.005745     0.002664     0.006266
20021209    -0.03874    -0.021720    -0.018135    -0.022176
20021210     0.01489     0.014121     0.008864     0.013957
20021211    -0.00708     0.000954     0.001560     0.000564
20021212    -0.01160    -0.002178     0.001728    -0.003724
20021213    -0.02917    -0.013154    -0.009724    -0.013432
20021216     0.03492     0.021586     0.009188     0.023519
20021217    -0.01234    -0.007731    -0.005409    -0.008139
20021218    -0.01837    -0.013229    -0.012743    -0.013145
20021219     0.00337    -0.006772    -0.004196    -0.007709
20021220     0.02201     0.011672     0.004454     0.013005
20021223     0.00693     0.002699     0.001945     0.001820
20021224    -0.00181    -0.004785     0.001002    -0.005471
20021226    -0.00581    -0.001665     0.002205    -0.003149
20021227    -0.01315    -0.015019    -0.005236    -0.016029
20021230    -0.00444     0.003370    -0.003506     0.004558
20021231    -0.00595     0.001863     0.010107     0.000489
20030102     0.03628     0.030474     0.019660     0.033200
20030103     0.00289    -0.000486     0.002077    -0.000484
20030106     0.02015     0.020196     0.013249     0.022474
20030107     0.01058    -0.006444    -0.001244    -0.006545
20030108    -0.01152    -0.013249    -0.006623    -0.014086
20030109    -0.00071     0.018196     0.013178     0.019397
20030110    -0.04064     0.000593     0.004016    -0.000011
20030113    -0.04309    -0.001165     0.001800    -0.001412
20030114     0.01617     0.005302     0.007417     0.005830
20030115    -0.01667    -0.012336    -0.002844    -0.014426
20030116    -0.01387    -0.002860     0.000272    -0.003942
20030117    -0.03008    -0.013861    -0.009420    -0.014017
20030121    -0.00322    -0.015115    -0.007872    -0.015702
20030122    -0.00768    -0.008798    -0.003653    -0.010432
20030123     0.02647     0.009982     0.006405     0.010224
20030124    -0.03292    -0.026097    -0.013763    -0.029233
20030127    -0.01559    -0.016351    -0.014225    -0.016160
20030128     0.03375     0.011880     0.007792     0.013050
20030129     0.02096     0.006336     0.002197     0.006779
20030130    -0.04540    -0.020122    -0.010804    -0.022849
20030131    -0.01323     0.012690     0.007737     0.013130
20030203     0.00419     0.003520    -0.001556     0.005399
20030204     0.01962    -0.012489    -0.005458    -0.014088
20030205    -0.01064    -0.004632    -0.001868    -0.005435
20030206    -0.00621    -0.006182    -0.004220    -0.006449
20030207    -0.02831    -0.010199    -0.008246    -0.010094
20030210    -0.02057     0.006151     0.002037     0.007569
20030211     0.01662    -0.006255    -0.002397    -0.008098
20030212    -0.01291    -0.012194    -0.009070    -0.012687
20030213     0.01351    -0.002007    -0.005077    -0.001600
20030214     0.10839     0.018089     0.007755     0.021435
20030218     0.02794     0.019494     0.012812     0.019500
20030219    -0.01435    -0.006790    -0.004331    -0.007096
20030220     0.00881    -0.007196     0.000046    -0.009501
20030221     0.01898     0.012420     0.007628     0.013224
20030224    -0.01714    -0.016593    -0.009037    -0.018381
20030225     0.00493     0.006319     0.001182     0.007195
20030226    -0.02754    -0.011209    -0.005603    -0.013141
20030227     0.02832     0.011241     0.006529     0.011758
20030228     0.01697     0.004241     0.002400     0.004622
20030303    -0.01855    -0.006498    -0.002270    -0.007537
20030304    -0.01247    -0.013685    -0.007089    -0.015357
20030305     0.02105     0.007494    -0.000915     0.009562
20030306    -0.02549    -0.008206    -0.005616    -0.009339
20030307     0.02808     0.006971    -0.000810     0.008259
20030310    -0.02918    -0.022643    -0.013406    -0.025830
20030311    -0.00809    -0.008006    -0.003243    -0.008359
20030312     0.01049     0.002360    -0.002807     0.004321
20030313     0.03383     0.031891     0.018412     0.034457
20030314    -0.01450     0.001211     0.001868     0.001647
20030317     0.06264     0.032659     0.017440     0.035427
20030318    -0.00355     0.004885     0.006440     0.004242
20030319     0.01818     0.006762     0.003233     0.008737
20030320    -0.01645     0.003179     0.004256     0.001888
20030321     0.02420     0.020981     0.012867     0.022977
20030324    -0.03370    -0.032698    -0.018120    -0.035231
20030325     0.01151     0.011838     0.009389     0.012161
20030326    -0.00995    -0.004864    -0.002195    -0.005476
20030327    -0.00036    -0.000657     0.002082    -0.001644
20030328    -0.00503    -0.004330     0.001672    -0.005780
20030331    -0.01408    -0.015804    -0.004027    -0.017742
20030401    -0.00366     0.010695     0.005813     0.012144
20030402     0.03234     0.024893     0.015634     0.026116
20030403     0.02065    -0.004794     0.001685    -0.005052
20030404     0.00698     0.001473     0.001335     0.002738
20030407     0.00035     0.002210     0.006795     0.001229
20030408    -0.01004    -0.001881    -0.002795    -0.001864
20030409    -0.02029    -0.011703    -0.002292    -0.014004
20030410     0.01142     0.005238     0.001807     0.006455
20030411    -0.00141    -0.002924     0.000003    -0.003763
20030414     0.01379     0.017841     0.010091     0.019498
20030415     0.00558     0.006326     0.005309     0.006303
20030416     0.01387    -0.010240    -0.001030    -0.012236
20030417     0.00889     0.015117     0.012456     0.015536
20030421    -0.00068    -0.000357     0.004992    -0.001757
20030422     0.01391     0.020136     0.012461     0.021704
20030423     0.00000     0.008383     0.009148     0.008394
20030424    -0.00903    -0.008297    -0.001927    -0.008259
20030425    -0.01722    -0.012494    -0.003925    -0.013846
20030428     0.00756     0.016879     0.012479     0.017835
20030429     0.01432     0.003285     0.005035     0.003279
20030430    -0.02588     0.000744     0.007216    -0.001002
20030501     0.00690     0.000260     0.003829    -0.000676
20030502     0.01337     0.014881     0.016027     0.015039
20030505    -0.00237    -0.000960     0.008788    -0.003795
20030506     0.03424     0.008481     0.008524     0.008461
20030507     0.00426    -0.004802     0.000458    -0.005105
20030508    -0.01436    -0.009228    -0.003033    -0.010058
20030509     0.02947     0.013538     0.012367     0.014278
20030512     0.02605     0.012312     0.011645     0.012535
20030513     0.01755    -0.002014     0.003889    -0.002973
20030514    -0.00647    -0.001521     0.005043    -0.003205
20030515    -0.00217     0.006854     0.007384     0.007868
20030516    -0.03076    -0.002159    -0.001214    -0.002504
20030519    -0.02661    -0.021999    -0.010444    -0.024918
20030520    -0.00099    -0.000370    -0.000081    -0.001129
20030521    -0.01550     0.004058     0.003923     0.004012
20030522     0.00100     0.008992     0.008575     0.009151
20030523    -0.01335     0.002732     0.007257     0.001449
20030527     0.01760     0.018645     0.015779     0.019567
20030528     0.03932     0.001840     0.006644     0.001829
20030529     0.00256    -0.002350     0.006377    -0.003756
20030530     0.00320     0.014989     0.015356     0.014690
20030602    -0.01721     0.004319     0.006572     0.003539
20030603     0.00551     0.003627     0.003275     0.004716
20030604     0.02258     0.015257     0.016341     0.015110
20030605     0.00726     0.005807     0.010659     0.003954
20030606    -0.01816    -0.003302     0.000092    -0.002404
20030609     0.00478    -0.012621    -0.007612    -0.011977
20030610     0.01238     0.009502     0.008583     0.009130
20030611    -0.00815     0.013321     0.010948     0.012835
20030612     0.00980     0.001722     0.004575     0.001033
20030613    -0.02098    -0.009974    -0.007074    -0.009915
20030616     0.03134     0.020548     0.011836     0.022385
20030617     0.00000     0.001242     0.004299     0.000910
20030618     0.00620    -0.001606     0.001253    -0.001552
20030619    -0.00863    -0.014201    -0.006834    -0.015236
20030620    -0.00622    -0.000054    -0.000019     0.000995
20030623    -0.01720    -0.014822    -0.014400    -0.014111
20030624    -0.00283     0.001760     0.001452     0.001834
20030625    -0.00642    -0.005056     0.002577    -0.008267
20030626     0.01767     0.010614     0.007691     0.010776
20030627     0.00032    -0.007591    -0.000204    -0.009738
20030630     0.00473    -0.001248     0.000413    -0.001762
20030701     0.00251     0.006823     0.003234     0.008025
20030702     0.01779     0.012719     0.016164     0.011646
20030703    -0.01348    -0.006459    -0.001643    -0.008111
20030707     0.03214     0.017912     0.015405     0.018992
20030708     0.02146     0.004658     0.010481     0.003405
20030709    -0.01835    -0.003151     0.007281    -0.005586
20030710    -0.00935    -0.013146    -0.006715    -0.013480
20030711     0.02130     0.008922     0.008168     0.009548
20030714     0.00417     0.007286     0.009617     0.005731
20030715     0.00564    -0.004247    -0.002760    -0.003427
20030716     0.00325    -0.006170    -0.002498    -0.006417
20030717    -0.02294    -0.014491    -0.017683    -0.012344
20030718     0.00181     0.010554     0.006964     0.011806
20030721    -0.01833    -0.013188    -0.007790    -0.014618
20030722     0.01592     0.009276     0.007828     0.009512
20030723     0.00934     0.002135     0.003384     0.000506
20030724    -0.02955    -0.005824    -0.000203    -0.007091
20030725     0.02645     0.014809     0.006078     0.017400
20030728    -0.01678    -0.000083     0.005787    -0.002163
20030729    -0.00061    -0.005729     0.000160    -0.007265
20030730     0.01037    -0.002024    -0.002178    -0.001809
20030731     0.01660     0.002983     0.004932     0.002856
20030801    -0.01336    -0.009946    -0.008236    -0.010259
20030804     0.00060     0.000562    -0.002841     0.002724
20030805    -0.03308    -0.015974    -0.007774    -0.017663
20030806    -0.02644     0.000012    -0.004460     0.001678
20030807    -0.00192     0.005873    -0.000370     0.007280
20030808    -0.00960     0.003413     0.001707     0.003562
20030811     0.00291     0.004969     0.006630     0.003069
20030812     0.02385     0.010308     0.009272     0.009953
20030813    -0.01448    -0.004287     0.002121    -0.006382
20030814     0.00256     0.005561     0.005324     0.006585
20030815     0.03026     0.001052     0.001888     0.000162
20030818     0.02690     0.009796     0.010430     0.009155
20030819    -0.01174     0.004411     0.008187     0.002611
20030820    -0.01645    -0.001198     0.002401    -0.002045
20030821    -0.00031     0.004431     0.009151     0.002969
20030822    -0.00434    -0.010015    -0.006391    -0.010177
20030825    -0.00218    -0.000833    -0.002032     0.000655
20030826    -0.00405     0.003077     0.002735     0.003039
20030827    -0.00783     0.002078     0.006893     0.000060
20030828     0.01799     0.007002     0.008642     0.006069
20030829     0.01147     0.005338     0.006830     0.005155
20030902     0.02974     0.013341     0.013056     0.013869
20030903     0.01727     0.004555     0.006410     0.004188
20030904     0.00527     0.002486     0.006013     0.001656
20030905    -0.00757    -0.005433    -0.000196    -0.006401
20030908    -0.01203     0.010355     0.010874     0.010035
20030909    -0.01069    -0.007539    -0.002108    -0.008210
20030910    -0.01050    -0.013309    -0.012439    -0.011973
20030911     0.02002     0.005921     0.007924     0.005441
20030912     0.00505     0.002396     0.003997     0.002174
20030915    -0.00680    -0.003406     0.000580    -0.003750
20030916     0.03068     0.013496     0.010919     0.014298
20030917    -0.00058    -0.002353     0.002351    -0.003255
20030918     0.01041     0.011909     0.008086     0.013266
20030919    -0.00229    -0.001482     0.003443    -0.003155
20030922    -0.02238    -0.012237    -0.005917    -0.013008
20030923     0.01731     0.006294     0.007712     0.006071
20030924    -0.02221    -0.017662    -0.009972    -0.019096
20030925     0.00059    -0.008122    -0.013243    -0.006053
20030926     0.00646    -0.008456    -0.013071    -0.006399
20030929     0.00267     0.009684     0.007166     0.009761
20030930    -0.02366    -0.008971    -0.003566    -0.010541
20031001     0.01795     0.020876     0.015305     0.022340
20031002    -0.00441     0.003344     0.004611     0.001984
20031003     0.03071     0.009676     0.009737     0.009419
20031006     0.00172     0.005166     0.007352     0.004370
20031007     0.00629     0.004984     0.006282     0.004737
20031008    -0.01279    -0.004418    -0.001304    -0.005263
20031009     0.01526     0.005339     0.005945     0.004788
20031010     0.00567     0.000099     0.001421    -0.000645
20031013     0.00987     0.007745     0.010441     0.007023
20031014     0.00614     0.004382     0.006192     0.003951
20031015     0.00583    -0.003298    -0.002113    -0.002592
20031016     0.00717     0.003640     0.004561     0.003162
20031017    -0.00274    -0.010822    -0.007542    -0.010237
20031020     0.00220     0.003639     0.001821     0.005157
20031021     0.01343     0.002791     0.004346     0.001292
20031022    -0.01541    -0.014516    -0.011665    -0.014980
20031023    -0.00110     0.001172    -0.004021     0.003310
20031024    -0.01017    -0.004268    -0.003689    -0.004701
20031027     0.00222     0.004138     0.008854     0.002158
20031028    -0.00277     0.015142     0.012185     0.015187
20031029     0.00917     0.002930     0.006910     0.001261
20031030    -0.00220    -0.001039     0.001389    -0.001116
20031031    -0.00635     0.002444     0.001948     0.003601
20031103     0.01444     0.008913     0.010954     0.007909
20031104    -0.00904    -0.003648     0.002003    -0.005448
20031105    -0.00221    -0.000527     0.002408    -0.001367
20031106     0.00637     0.005497     0.005301     0.005933
20031107    -0.00936    -0.002408     0.002990    -0.004574
20031110    -0.02972    -0.007216    -0.006203    -0.005792
20031111     0.00229    -0.002233    -0.005744    -0.000516
20031112     0.01885     0.013366     0.014365     0.011456
20031113    -0.00084     0.000487     0.002561    -0.000142
20031114    -0.01122    -0.007796    -0.006893    -0.007615
20031117    -0.00993    -0.007191    -0.009735    -0.006398
20031118    -0.01691    -0.007777    -0.004265    -0.009084
20031119     0.00816     0.007231     0.003858     0.008016
20031120    -0.01504    -0.007324    -0.004978    -0.008432
20031121     0.01351     0.001895     0.002141     0.001577
20031124     0.01796     0.016032     0.012834     0.016227
20031125    -0.02220     0.003432     0.006368     0.001720
20031126     0.00175     0.004502     0.006293     0.004327
20031128     0.00436     0.001510     0.005597    -0.000236
20031201     0.00926     0.010883     0.011045     0.011264
20031202     0.00229    -0.002274     0.000867    -0.003271
20031203    -0.00086    -0.002801    -0.004897    -0.001772
20031204     0.00830     0.002414    -0.000739     0.004687
20031205    -0.02072    -0.006908    -0.004161    -0.007684
20031208     0.00609     0.006362     0.003111     0.007348
20031209    -0.03601    -0.008985    -0.008530    -0.008529
20031210    -0.01494    -0.003148    -0.009319    -0.001066
20031211     0.03792     0.012817     0.014634     0.011482
20031212    -0.01198     0.003422     0.007212     0.002735
20031215    -0.02337    -0.007095    -0.008947    -0.005679
20031216    -0.01091     0.004742    -0.000297     0.006638
20031217     0.00888     0.001538     0.001279     0.001256
20031218     0.01761     0.012225     0.010751     0.011798
20031219    -0.00567    -0.000401     0.000010    -0.000468
20031222    -0.00990     0.003931     0.003132     0.003922
20031223     0.01879     0.003719     0.005760     0.002818
20031224     0.00268    -0.001095     0.001403    -0.001807
20031226     0.00148     0.001960     0.004358     0.001691
20031229     0.01481     0.012809     0.011615     0.012401
20031230     0.00730     0.000769     0.003607     0.000144
20031231    -0.01536     0.000009    -0.001176     0.002055
