 30100    1.6270
 40100    1.6370
 50100    1.6415
 60100    1.6475
 70100    1.6384
100100    1.6374
110100    1.6480
120100    1.6465
130100    1.6482
140100    1.6353
180100    1.6380
190100    1.6438
200100    1.6538
210100    1.6504
240100    1.6520
250100    1.6482
260100    1.6395
270100    1.6363
280100    1.6210
310100    1.6182
 10200    1.6150
 20200    1.6060
 30200    1.6025
 40200    1.5915
 70200    1.5917
 80200    1.6105
 90200    1.6115
100200    1.6057
110200    1.5923
140200    1.5890
150200    1.5950
160200    1.6040
170200    1.6050
180200    1.5984
220200    1.6165
230200    1.6047
240200    1.5981
250200    1.5908
280200    1.5935
290200    1.5780
 10300    1.5849
 20300    1.5765
 30300    1.5810
 60300    1.5732
 70300    1.5772
 80300    1.5855
 90300    1.5815
100300    1.5793
130300    1.5782
140300    1.5725
150300    1.5730
160300    1.5747
170300    1.5705
200300    1.5686
210300    1.5725
220300    1.5705
230300    1.5830
240300    1.5910
270300    1.5855
280300    1.5872
290300    1.5870
300300    1.5922
310300    1.5922
 30400    1.5980
 40400    1.5965
 50400    1.5900
 60400    1.5800
 70400    1.5830
100400    1.5828
110400    1.5873
120400    1.5882
130400    1.5881
140400    1.5860
170400    1.5853
180400    1.5764
190400    1.5777
200400    1.5801
210400    1.5785
240400    1.5800
250400    1.5787
260400    1.5795
270400    1.5748
280400    1.5560
 10500    1.5558
 20500    1.5590
 30500    1.5605
 40500    1.5435
 50500    1.5288
 80500    1.5310
 90500    1.5315
100500    1.5153
110500    1.4997
120500    1.5172
150500    1.5075
160500    1.5008
170500    1.4905
180500    1.4818
190500    1.4855
220500    1.4907
230500    1.4728
240500    1.4755
250500    1.4705
260500    1.4875
300500    1.4950
310500    1.4968
 10600    1.4915
 20600    1.5079
 50600    1.5135
 60600    1.5235
 70600    1.5225
 80600    1.5060
 90600    1.5079
120600    1.5120
130600    1.5130
140600    1.5023
150600    1.5103
160600    1.5165
190600    1.5154
200600    1.5100
210600    1.4970
220600    1.5110
230600    1.5010
260600    1.4990
270600    1.5000
280600    1.5107
290600    1.5194
300600    1.5130
 30700    1.5135
 50700    1.5120
 60700    1.5120
 70700    1.5143
100700    1.5137
110700    1.5140
120700    1.5068
130700    1.4990
140700    1.4990
170700    1.4920
180700    1.4945
190700    1.4942
200700    1.5094
210700    1.5167
240700    1.5140
250700    1.5190
260700    1.5154
270700    1.5116
280700    1.5025
310700    1.4983
 10800    1.4992
 20800    1.4926
 30800    1.4947
 40800    1.5022
 70800    1.5070
 80800    1.5022
 90800    1.4992
100800    1.4980
110800    1.5040
140800    1.5060
150800    1.5056
160800    1.4988
170800    1.4992
180800    1.4895
210800    1.4900
220800    1.4797
230800    1.4813
240800    1.4806
250800    1.4745
280800    1.4716
290800    1.4616
300800    1.4560
310800    1.4515
 10900    1.4605
 50900    1.4522
 60900    1.4455
 70900    1.4380
 80900    1.4196
110900    1.4123
120900    1.4020
130900    1.4125
140900    1.4060
150900    1.4005
180900    1.4015
190900    1.4080
200900    1.4107
210900    1.4280
220900    1.4568
250900    1.4540
260900    1.4600
270900    1.4607
280900    1.4635
290900    1.4787
 21000    1.4675
 31000    1.4565
 41000    1.4558
 51000    1.4502
 61000    1.4445
101000    1.4484
111000    1.4620
121000    1.4735
131000    1.4597
161000    1.4455
171000    1.4426
181000    1.4464
191000    1.4422
201000    1.4448
231000    1.4550
241000    1.4490
251000    1.4335
261000    1.4313
271000    1.4517
301000    1.4530
311000    1.4505
 11100    1.4452
 21100    1.4440
 31100    1.4484
 61100    1.4320
 71100    1.4310
 81100    1.4236
 91100    1.4242
101100    1.4305
131100    1.4388
141100    1.4306
151100    1.4257
161100    1.4228
171100    1.4230
201100    1.4222
211100    1.4160
221100    1.4077
241100    1.3997
271100    1.4155
281100    1.4182
291100    1.4209
301100    1.4210
 11200    1.4373
 41200    1.4523
 51200    1.4410
 61200    1.4365
 71200    1.4400
 81200    1.4442
111200    1.4554
121200    1.4480
131200    1.4510
141200    1.4665
151200    1.4763
181200    1.4677
191200    1.4620
201200    1.4737
211200    1.4707
221200    1.4783
261200    1.4800
271200    1.4912
281200    1.4907
291200    1.4955
 20101    1.4977
 30101    1.5045
 40101    1.4930
 50101    1.4990
 80101    1.4969
 90101    1.4900
100101    1.4910
110101    1.4965
120101    1.4778
160101    1.4675
170101    1.4723
180101    1.4755
190101    1.4683
220101    1.4650
230101    1.4715
240101    1.4616
250101    1.4605
260101    1.4590
290101    1.4570
300101    1.4615
310101    1.4613
 10201    1.4775
 20201    1.4692
 50201    1.4750
 60201    1.4585
 70201    1.4633
 80201    1.4440
 90201    1.4490
120201    1.4513
130201    1.4510
140201    1.4578
150201    1.4490
160201    1.4505
200201    1.4436
210201    1.4385
220201    1.4447
230201    1.4470
260201    1.4440
270201    1.4405
280201    1.4433
 10301    1.4553
 20301    1.4725
 50301    1.4687
 60301    1.4655
 70301    1.4612
 80301    1.4667
 90301    1.4675
120301    1.4670
130301    1.4513
140301    1.4497
150301    1.4436
160301    1.4265
190301    1.4237
200301    1.4285
210301    1.4310
220301    1.4223
230301    1.4292
260301    1.4345
270301    1.4290
280301    1.4352
290301    1.4302
300301    1.4190
 20401    1.4200
 30401    1.4305
 40401    1.4350
 50401    1.4266
 60401    1.4383
 90401    1.4470
100401    1.4360
110401    1.4340
120401    1.4391
130401    1.4354
160401    1.4360
170401    1.4287
180401    1.4257
190401    1.4366
200401    1.4428
230401    1.4377
240401    1.4365
250401    1.4397
260401    1.4378
270401    1.4362
300401    1.4306
 10501    1.4340
 20501    1.4345
 30501    1.4322
 40501    1.4362
 70501    1.4400
 80501    1.4315
 90501    1.4209
100501    1.4186
110501    1.4177
140501    1.4176
150501    1.4236
160501    1.4293
170501    1.4310
180501    1.4333
210501    1.4380
220501    1.4278
230501    1.4245
240501    1.4103
250501    1.4207
290501    1.4187
300501    1.4251
310501    1.4175
 10601    1.4160
 40601    1.4123
 50601    1.4113
 60601    1.3906
 70601    1.3900
 80601    1.3817
110601    1.3730
120601    1.3781
130601    1.3909
140601    1.4005
150601    1.4056
180601    1.4034
190601    1.4008
200601    1.3952
210601    1.4167
220601    1.4140
250601    1.4130
260601    1.4154
270601    1.4190
280601    1.4070
290601    1.4077
 20701    1.4168
 30701    1.4058
 50701    1.3998
 60701    1.4106
 90701    1.4081
100701    1.4098
110701    1.4121
120701    1.4065
130701    1.3995
160701    1.4011
170701    1.4037
180701    1.4160
190701    1.4190
200701    1.4290
230701    1.4185
240701    1.4223
250701    1.4280
260701    1.4265
270701    1.4256
300701    1.4260
310701    1.4252
 10801    1.4330
 20801    1.4295
 30801    1.4268
 60801    1.4175
 70801    1.4169
 80801    1.4135
 90801    1.4218
100801    1.4273
130801    1.4217
140801    1.4285
150801    1.4379
160801    1.4438
170801    1.4465
200801    1.4445
210801    1.4468
220801    1.4538
230801    1.4478
240801    1.4443
270801    1.4430
280801    1.4501
290801    1.4515
300801    1.4577
310801    1.4510
 40901    1.4444
 50901    1.4553
 60901    1.4561
 70901    1.4626
100901    1.4585
120901    1.4666
130901    1.4697
140901    1.4678
170901    1.4661
180901    1.4635
190901    1.4714
200901    1.4642
210901    1.4547
240901    1.4616
250901    1.4692
260901    1.4745
270901    1.4733
280901    1.4691
 11001    1.4785
 21001    1.4618
 31001    1.4756
 41001    1.4774
 51001    1.4795
 91001    1.4605
101001    1.4490
111001    1.4415
121001    1.4518
151001    1.4470
161001    1.4478
171001    1.4505
181001    1.4440
191001    1.4372
221001    1.4265
231001    1.4214
241001    1.4263
251001    1.4306
261001    1.4348
291001    1.4525
301001    1.4546
311001    1.4534
 11101    1.4620
 21101    1.4615
 51101    1.4570
 61101    1.4591
 71101    1.4650
 81101    1.4540
 91101    1.4574
131101    1.4425
141101    1.4429
151101    1.4310
161101    1.4278
191101    1.4107
201101    1.4180
211101    1.4154
231101    1.4095
261101    1.4125
271101    1.4137
281101    1.4235
291101    1.4232
301101    1.4255
 31201    1.4217
 41201    1.4216
 51201    1.4164
 61201    1.4250
 71201    1.4315
101201    1.4342
111201    1.4365
121201    1.4440
131201    1.4454
141201    1.4547
171201    1.4588
181201    1.4565
191201    1.4508
201201    1.4464
211201    1.4385
241201    1.4385
261201    1.4490
271201    1.4540
281201    1.4475
311201    1.4543
 20102    1.4451
 30102    1.4400
 40102    1.4455
 70102    1.4385
 80102    1.4426
 90102    1.4373
100102    1.4433
110102    1.4448
140102    1.4482
150102    1.4450
160102    1.4375
170102    1.4348
180102    1.4365
220102    1.4295
230102    1.4273
240102    1.4229
250102    1.4096
280102    1.4074
290102    1.4132
300102    1.4160
310102    1.4120
 10202    1.4158
 40202    1.4197
 50202    1.4170
 60202    1.4138
 70202    1.4117
 80202    1.4176
110202    1.4237
120202    1.4322
130202    1.4298
140202    1.4285
150202    1.4315
190202    1.4302
200202    1.4269
210202    1.4253
220202    1.4301
250202    1.4263
260202    1.4225
270202    1.4165
280202    1.4129
 10302    1.4190
 40302    1.4228
 50302    1.4212
 60302    1.4238
 70302    1.4245
 80302    1.4227
110302    1.4220
120302    1.4146
130302    1.4157
140302    1.4200
150302    1.4238
180302    1.4256
190302    1.4213
200302    1.4260
210302    1.4287
220302    1.4263
250302    1.4255
260302    1.4270
270302    1.4238
280302    1.4242
290302    1.4250
 10402    1.4407
 20402    1.4358
 30402    1.4350
 40402    1.4349
 50402    1.4350
 80402    1.4310
 90402    1.4345
100402    1.4365
110402    1.4382
120402    1.4371
150402    1.4372
160402    1.4396
170402    1.4438
180402    1.4479
190402    1.4472
220402    1.4488
230402    1.4486
240402    1.4480
250402    1.4540
260402    1.4545
290402    1.4592
300402    1.4565
 10502    1.4621
 20502    1.4645
 30502    1.4664
 60502    1.4676
 70502    1.4675
 80502    1.4533
 90502    1.4585
100502    1.4606
130502    1.4588
140502    1.4474
150502    1.4558
160502    1.4567
170502    1.4602
200502    1.4588
210502    1.4568
220502    1.4589
230502    1.4545
240502    1.4577
280502    1.4618
290502    1.4600
300502    1.4655
310502    1.4625
 30602    1.4622
 40602    1.4605
 50602    1.4574
 60602    1.4593
 70602    1.4604
100602    1.4610
110602    1.4686
120602    1.4705
130602    1.4709
140602    1.4735
170602    1.4782
180602    1.4868
190602    1.4873
200602    1.4982
210602    1.4987
240602    1.5056
250602    1.4999
260602    1.5217
270602    1.5285
280602    1.5245
 10702    1.5307
 20702    1.5300
 30702    1.5268
 50702    1.5206
 80702    1.5348
 90702    1.5465
100702    1.5483
110702    1.5545
120702    1.5500
150702    1.5656
160702    1.5693
170702    1.5682
180702    1.5685
190702    1.5785
220702    1.5800
230702    1.5657
240702    1.5745
250702    1.5754
260702    1.5635
290702    1.5570
300702    1.5725
310702    1.5625
 10802    1.5578
 20802    1.5709
 50802    1.5665
 60802    1.5382
 70802    1.5354
 80802    1.5278
 90802    1.5235
120802    1.5317
130802    1.5310
140802    1.5442
150802    1.5360
160802    1.5372
190802    1.5272
200802    1.5266
210802    1.5295
220802    1.5192
230802    1.5215
260802    1.5236
270802    1.5305
280802    1.5363
290802    1.5484
300802    1.5476
 30902    1.5625
 40902    1.5642
 50902    1.5660
 60902    1.5597
 90902    1.5585
100902    1.5544
110902    1.5492
120902    1.5549
130902    1.5585
160902    1.5440
170902    1.5343
180902    1.5525
190902    1.5545
200902    1.5558
230902    1.5575
240902    1.5565
250902    1.5625
260902    1.5563
270902    1.5548
300902    1.5700
 11002    1.5708
 21002    1.5655
 31002    1.5704
 41002    1.5690
 71002    1.5643
 81002    1.5569
 91002    1.5595
101002    1.5625
111002    1.5605
151002    1.5542
161002    1.5543
171002    1.5525
181002    1.5461
211002    1.5418
221002    1.5463
231002    1.5499
241002    1.5478
251002    1.5533
281002    1.5602
291002    1.5585
301002    1.5568
311002    1.5630
 11102    1.5638
 41102    1.5545
 51102    1.5625
 61102    1.5590
 71102    1.5796
 81102    1.5915
121102    1.5879
131102    1.5850
141102    1.5788
151102    1.5790
181102    1.5790
191102    1.5880
201102    1.5750
211102    1.5753
221102    1.5778
251102    1.5667
261102    1.5485
271102    1.5440
291102    1.5553
 21202    1.5555
 31202    1.5687
 41202    1.5682
 51202    1.5708
 61202    1.5730
 91202    1.5785
101202    1.5699
111202    1.5744
121202    1.5800
131202    1.5896
161202    1.5905
171202    1.5963
181202    1.6000
191202    1.5986
201202    1.6015
231202    1.5870
241202    1.5958
261202    1.5978
271202    1.6022
301202    1.6044
311202    1.6095
 20103    1.5975
 30103    1.6045
 60103    1.6080
 70103    1.6055
 80103    1.6063
 90103    1.6035
100103    1.6079
130103    1.6030
140103    1.6070
150103    1.6029
160103    1.6073
170103    1.6173
210103    1.6123
220103    1.6162
230103    1.6233
240103    1.6320
270103    1.6351
280103    1.6400
290103    1.6457
300103    1.6482
310103    1.6448
 30203    1.6405
 40203    1.6480
 50203    1.6455
 60203    1.6354
 70203    1.6284
100203    1.6275
110203    1.6193
120203    1.6155
130203    1.6209
140203    1.6105
180203    1.5921
190203    1.5957
200203    1.5925
210203    1.5864
240203    1.5860
250203    1.5727
260203    1.5806
270203    1.5798
280203    1.5737
 30303    1.5755
 40303    1.5820
 50303    1.6003
 60303    1.6049
 70303    1.6020
100303    1.6007
110303    1.6038
120303    1.6129
130303    1.6057
140303    1.5821
170303    1.5682
180303    1.5624
190303    1.5648
200303    1.5670
210303    1.5660
240303    1.5748
250303    1.5707
260303    1.5742
270303    1.5676
280303    1.5673
310303    1.5790
 10403    1.5767
 20403    1.5659
 30403    1.5718
 40403    1.5597
 70403    1.5500
 80403    1.5507
 90403    1.5562
100403    1.5719
110403    1.5713
140403    1.5713
150403    1.5705
160403    1.5740
170403    1.5748
180403    1.5733
210403    1.5592
220403    1.5768
230403    1.5815
240403    1.5971
250403    1.5915
280403    1.5906
290403    1.5904
300403    1.6000
 10503    1.6103
 20503    1.6020
 50503    1.6060
 60503    1.6140
 70503    1.5930
 80503    1.6034
 90503    1.6045
120503    1.6095
130503    1.6092
140503    1.6163
150503    1.6262
160503    1.6241
190503    1.6352
200503    1.6393
210503    1.6415
220503    1.6346
230503    1.6376
270503    1.6400
280503    1.6350
290503    1.6484
300503    1.6393
 20603    1.6372
 30603    1.6278
 40603    1.6333
 50603    1.6597
 60603    1.6622
 90603    1.6452
100603    1.6523
110603    1.6675
120603    1.6682
130603    1.6676
160603    1.6815
170603    1.6840
180603    1.6798
190603    1.6740
200603    1.6644
230603    1.6682
240603    1.6607
250603    1.6787
260603    1.6640
270603    1.6492
300603    1.6529
 10703    1.6626
 20703    1.6646
 30703    1.6718
 70703    1.6515
 80703    1.6326
 90703    1.6306
100703    1.6326
110703    1.6323
140703    1.6238
150703    1.5986
160703    1.5952
170703    1.5893
180703    1.5867
210703    1.6010
220703    1.5978
230703    1.6090
240703    1.6110
250703    1.6198
280703    1.6272
290703    1.6225
300703    1.6167
310703    1.6090
 10803    1.6045
 40803    1.6080
 50803    1.6085
 60803    1.6081
 70803    1.6170
 80803    1.6080
110803    1.6068
120803    1.6028
130803    1.6082
140803    1.6000
150803    1.5958
180803    1.5891
190803    1.5872
200803    1.5922
210803    1.5845
220803    1.5755
250803    1.5728
260803    1.5732
270803    1.5746
280803    1.5770
290803    1.5773
 20903    1.5740
 30903    1.5732
 40903    1.5785
 50903    1.5891
 80903    1.5858
 90903    1.5909
100903    1.5897
110903    1.5937
120903    1.6062
150903    1.6018
160903    1.5871
170903    1.6044
180903    1.6155
190903    1.6315
220903    1.6472
230903    1.6560
240903    1.6558
250903    1.6587
260903    1.6597
290903    1.6642
300903    1.6620
 11003    1.6667
 21003    1.6750
 31003    1.6630
 61003    1.6742
 71003    1.6628
 81003    1.6598
 91003    1.6609
101003    1.6654
141003    1.6737
151003    1.6698
161003    1.6760
171003    1.6721
201003    1.6749
211003    1.6746
221003    1.6935
231003    1.6943
241003    1.6972
271003    1.6952
281003    1.6956
291003    1.6988
301003    1.7025
311003    1.6956
 31103    1.6786
 41103    1.6802
 51103    1.6780
 61103    1.6693
 71103    1.6708
101103    1.6737
121103    1.6770
131103    1.6880
141103    1.6841
171103    1.6885
181103    1.6998
191103    1.6982
201103    1.7024
211103    1.7025
241103    1.6950
251103    1.6983
261103    1.7090
281103    1.7219
 11203    1.7209
 21203    1.7291
 31203    1.7248
 41203    1.7200
 51203    1.7270
 81203    1.7334
 91203    1.7430
101203    1.7446
111203    1.7445
121203    1.7466
151203    1.7450
161203    1.7510
171203    1.7615
181203    1.7673
191203    1.7675
221203    1.7635
231203    1.7650
241203    1.7748
261203    1.7725
291203    1.7705
301203    1.7786
311203    1.7842
 20104    1.7902
 50104    1.8085
 60104    1.8245
 70104    1.8193
 80104    1.8338
 90104    1.8472
120104    1.8511
130104    1.8432
140104    1.8409
150104    1.8205
160104    1.7996
200104    1.8187
210104    1.8295
220104    1.8446
230104    1.8203
260104    1.8200
270104    1.8277
280104    1.8370
290104    1.8112
300104    1.8215
 20204    1.8182
 30204    1.8380
 40204    1.8335
 50204    1.8378
 60204    1.8459
 90204    1.8580
100204    1.8697
110204    1.8850
120204    1.8910
130204    1.8830
170204    1.9045
180204    1.9023
190204    1.8921
200204    1.8668
230204    1.8686
240204    1.8901
250204    1.8757
260204    1.8609
270204    1.8575
 10304    1.8680
 20304    1.8386
 30304    1.8192
 40304    1.8250
 50304    1.8428
 80304    1.8471
 90304    1.8395
100304    1.8000
110304    1.8008
120304    1.7943
150304    1.7993
160304    1.8105
170304    1.8132
180304    1.8363
190304    1.8270
220304    1.8485
230304    1.8502
240304    1.8351
250304    1.8099
260304    1.8104
