 30100     1.4465
 40100     1.4518
 50100     1.4518
 60100     1.4571
 70100     1.4505
100100     1.4568
110100     1.4570
120100     1.4550
130100     1.4495
140100     1.4497
180100     1.4502
190100     1.4527
200100     1.4484
210100     1.4420
240100     1.4400
250100     1.4389
260100     1.4379
270100     1.4350
280100     1.4495
310100     1.4517
 10200     1.4468
 20200     1.4435
 30200     1.4417
 40200     1.4467
 70200     1.4457
 80200     1.4473
 90200     1.4443
100200     1.4500
110200     1.4515
140200     1.4547
150200     1.4585
160200     1.4520
170200     1.4522
180200     1.4512
220200     1.4595
230200     1.4651
240200     1.4587
250200     1.4505
280200     1.4538
290200     1.4505
 10300     1.4470
 20300     1.4543
 30300     1.4510
 60300     1.4555
 70300     1.4527
 80300     1.4592
 90300     1.4570
100300     1.4575
130300     1.4614
140300     1.4632
150300     1.4680
160300     1.4724
170300     1.4728
200300     1.4703
210300     1.4662
220300     1.4720
230300     1.4727
240300     1.4650
270300     1.4605
280300     1.4541
290300     1.4555
300300     1.4557
310300     1.4538
 30400     1.4548
 40400     1.4531
 50400     1.4548
 60400     1.4515
 70400     1.4574
100400     1.4615
110400     1.4635
120400     1.4623
130400     1.4661
140400     1.4767
170400     1.4855
180400     1.4837
190400     1.4761
200400     1.4725
210400     1.4750
240400     1.4763
250400     1.4699
260400     1.4758
270400     1.4792
280400     1.4818
 10500     1.4783
 20500     1.4857
 30500     1.4923
 40500     1.4980
 50500     1.4980
 80500     1.4927
 90500     1.4945
100500     1.4955
110500     1.4900
120500     1.4872
150500     1.4897
160500     1.4862
170500     1.4992
180500     1.5007
190500     1.4963
220500     1.4983
230500     1.5036
240500     1.5085
250500     1.5057
260500     1.5045
300500     1.5036
310500     1.4977
 10600     1.4910
 20600     1.4785
 50600     1.4779
 60600     1.4780
 70600     1.4785
 80600     1.4800
 90600     1.4765
120600     1.4765
130600     1.4697
140600     1.4695
150600     1.4758
160600     1.4708
190600     1.4657
200600     1.4708
210600     1.4729
220600     1.4725
230600     1.4793
260600     1.4830
270600     1.4825
280600     1.4838
290600     1.4820
300600     1.4798
 30700     1.4793
 50700     1.4909
 60700     1.4850
 70700     1.4810
100700     1.4798
110700     1.4785
120700     1.4815
130700     1.4809
140700     1.4845
170700     1.4813
180700     1.4783
190700     1.4758
200700     1.4748
210700     1.4715
240700     1.4639
250700     1.4653
260700     1.4665
270700     1.4713
280700     1.4776
310700     1.4880
 10800     1.4892
 20800     1.4813
 30800     1.4844
 40800     1.4889
 70800     1.4875
 80800     1.4889
 90800     1.4848
100800     1.4826
110800     1.4839
140800     1.4847
150800     1.4870
160800     1.4774
170800     1.4759
180800     1.4747
210800     1.4765
220800     1.4756
230800     1.4877
240800     1.4871
250800     1.4828
280800     1.4845
290800     1.4868
300800     1.4805
310800     1.4720
 10900     1.4742
 50900     1.4752
 60900     1.4843
 70900     1.4777
 80900     1.4781
110900     1.4800
120900     1.4825
130900     1.4838
140900     1.4869
150900     1.4844
180900     1.4905
190900     1.4880
200900     1.4833
210900     1.4873
220900     1.4892
250900     1.4890
260900     1.4880
270900     1.4962
280900     1.5030
290900     1.5070
 21000     1.5108
 31000     1.5060
 41000     1.4990
 51000     1.4954
 61000     1.5013
101000     1.5014
111000     1.5043
121000     1.5085
131000     1.5135
161000     1.5195
171000     1.5184
181000     1.5200
191000     1.5112
201000     1.5119
231000     1.5080
241000     1.5118
251000     1.5164
261000     1.5187
271000     1.5275
301000     1.5311
311000     1.5273
 11100     1.5263
 21100     1.5333
 31100     1.5348
 61100     1.5305
 71100     1.5315
 81100     1.5432
 91100     1.5455
101100     1.5460
131100     1.5472
141100     1.5445
151100     1.5510
161100     1.5523
171100     1.5600
201100     1.5592
211100     1.5553
221100     1.5473
241100     1.5396
271100     1.5348
281100     1.5371
291100     1.5405
301100     1.5355
 11200     1.5389
 41200     1.5458
 51200     1.5438
 61200     1.5323
 71200     1.5223
 81200     1.5205
111200     1.5227
121200     1.5249
131200     1.5205
141200     1.5165
151200     1.5174
181200     1.5254
191200     1.5220
201200     1.5215
211200     1.5185
221200     1.5168
261200     1.5099
271200     1.5110
281200     1.5073
291200     1.4995
 20101     1.4963
 30101     1.4982
 40101     1.4985
 50101     1.5003
 80101     1.4944
 90101     1.4973
100101     1.4993
110101     1.4978
120101     1.4967
160101     1.5037
170101     1.5123
180101     1.5162
190101     1.5155
220101     1.5072
230101     1.5073
240101     1.5126
250101     1.5080
260101     1.5066
290101     1.5010
300101     1.4985
310101     1.4995
 10201     1.4948
 20201     1.4933
 50201     1.5050
 60201     1.5080
 70201     1.5110
 80201     1.5117
 90201     1.5090
120201     1.5205
130201     1.5214
140201     1.5287
150201     1.5275
160201     1.5368
200201     1.5399
210201     1.5370
220201     1.5378
230201     1.5378
260201     1.5314
270201     1.5261
280201     1.5320
 10301     1.5465
 20301     1.5489
 50301     1.5475
 60301     1.5388
 70301     1.5492
 80301     1.5497
 90301     1.5480
120301     1.5505
130301     1.5477
140301     1.5528
150301     1.5595
160301     1.5669
190301     1.5698
200301     1.5611
210301     1.5730
220301     1.5742
230301     1.5667
260301     1.5545
270301     1.5693
280301     1.5668
290301     1.5725
300301     1.5784
 20401     1.5750
 30401     1.5790
 40401     1.5697
 50401     1.5788
 60401     1.5615
 90401     1.5635
100401     1.5555
110401     1.5626
120401     1.5600
130401     1.5627
160401     1.5625
170401     1.5575
180401     1.5692
190401     1.5470
200401     1.5425
230401     1.5460
240401     1.5490
250401     1.5474
260401     1.5460
270401     1.5417
300401     1.5360
 10501     1.5338
 20501     1.5310
 30501     1.5330
 40501     1.5353
 70501     1.5405
 80501     1.5445
 90501     1.5407
100501     1.5391
110501     1.5503
140501     1.5541
150501     1.5493
160501     1.5405
170501     1.5360
180501     1.5328
210501     1.5325
220501     1.5415
230501     1.5452
240501     1.5474
250501     1.5455
290501     1.5376
300501     1.5464
310501     1.5461
 10601     1.5324
 40601     1.5347
 50601     1.5328
 60601     1.5248
 70601     1.5210
 80601     1.5215
110601     1.5162
120601     1.5246
130601     1.5183
140601     1.5208
150601     1.5220
180601     1.5336
190601     1.5337
200601     1.5310
210601     1.5265
220601     1.5293
250601     1.5195
260601     1.5142
270601     1.5176
280601     1.5233
290601     1.5175
 20701     1.5153
 30701     1.5128
 50701     1.5102
 60701     1.5200
 90701     1.5203
100701     1.5213
110701     1.5255
120701     1.5280
130701     1.5398
160701     1.5400
170701     1.5400
180701     1.5350
190701     1.5418
200701     1.5450
230701     1.5450
240701     1.5383
250701     1.5381
260701     1.5335
270701     1.5352
300701     1.5305
310701     1.5310
 10801     1.5358
 20801     1.5417
 30801     1.5356
 60801     1.5275
 70801     1.5343
 80801     1.5333
 90801     1.5395
100801     1.5405
130801     1.5390
140801     1.5413
150801     1.5290
160801     1.5314
170801     1.5428
200801     1.5461
210801     1.5490
220801     1.5438
230801     1.5423
240801     1.5414
270801     1.5423
280801     1.5401
290801     1.5462
300801     1.5460
310801     1.5478
 40901     1.5535
 50901     1.5603
 60901     1.5590
 70901     1.5680
100901     1.5656
120901     1.5610
130901     1.5681
140901     1.5641
170901     1.5686
180901     1.5708
190901     1.5711
200901     1.5708
210901     1.5707
240901     1.5686
250901     1.5705
260901     1.5734
270901     1.5791
280901     1.5797
 11001     1.5794
 21001     1.5696
 31001     1.5688
 41001     1.5680
 51001     1.5626
 91001     1.5638
101001     1.5679
111001     1.5680
121001     1.5659
151001     1.5582
161001     1.5621
171001     1.5687
181001     1.5763
191001     1.5756
221001     1.5787
231001     1.5723
241001     1.5745
251001     1.5775
261001     1.5750
291001     1.5750
301001     1.5785
311001     1.5905
 11101     1.5913
 21101     1.5925
 51101     1.5958
 61101     1.5938
 71101     1.5935
 81101     1.5980
 91101     1.6023
131101     1.5982
141101     1.5923
151101     1.5870
161101     1.5870
191101     1.5849
201101     1.5933
211101     1.6018
231101     1.5981
261101     1.6005
271101     1.5948
281101     1.5853
291101     1.5828
301101     1.5717
 31201     1.5762
 41201     1.5729
 51201     1.5716
 61201     1.5767
 71201     1.5725
101201     1.5787
111201     1.5781
121201     1.5654
131201     1.5675
141201     1.5635
171201     1.5646
181201     1.5729
191201     1.5743
201201     1.5782
211201     1.5850
241201     1.5945
261201     1.5990
271201     1.5954
281201     1.5956
311201     1.5925
 20102     1.5974
 30102     1.5970
 40102     1.5977
 70102     1.5981
 80102     1.5949
 90102     1.5965
100102     1.6012
110102     1.5975
140102     1.5974
150102     1.5899
160102     1.5945
170102     1.6110
180102     1.6128
220102     1.6084
230102     1.6040
240102     1.6020
250102     1.6083
280102     1.6126
290102     1.5903
300102     1.5910
310102     1.5915
 10202     1.5908
 40202     1.5919
 50202     1.5985
 60202     1.6042
 70202     1.6037
 80202     1.5970
110202     1.5895
120202     1.5919
130202     1.5910
140202     1.5919
150202     1.5908
190202     1.5885
200202     1.5905
210202     1.5914
220202     1.5945
250202     1.6010
260202     1.6112
270202     1.6084
280202     1.6049
 10302     1.5955
 40302     1.5900
 50302     1.5905
 60302     1.5835
 70302     1.5823
 80302     1.5857
110302     1.5843
120302     1.5858
130302     1.5935
140302     1.5943
150302     1.5863
180302     1.5880
190302     1.5842
200302     1.5793
210302     1.5808
220302     1.5767
250302     1.5858
260302     1.5925
270302     1.5938
280302     1.5940
290302     1.5958
 10402     1.5995
 20402     1.5934
 30402     1.5890
 40402     1.5930
 50402     1.5900
 80402     1.5941
 90402     1.5964
100402     1.5930
110402     1.5879
120402     1.5879
150402     1.5892
160402     1.5798
170402     1.5745
180402     1.5747
190402     1.5723
220402     1.5730
230402     1.5753
240402     1.5685
250402     1.5636
260402     1.5632
290402     1.5663
300402     1.5681
 10502     1.5579
 20502     1.5621
 30502     1.5650
 60502     1.5685
 70502     1.5705
 80502     1.5708
 90502     1.5687
100502     1.5575
130502     1.5585
140502     1.5590
150502     1.5563
160502     1.5550
170502     1.5420
200502     1.5415
210502     1.5387
220502     1.5361
230502     1.5338
240502     1.5350
280502     1.5305
290502     1.5345
300502     1.5340
310502     1.5275
 30602     1.5282
 40602     1.5284
 50602     1.5350
 60602     1.5325
 70602     1.5321
100602     1.5385
110602     1.5383
120602     1.5365
130602     1.5398
140602     1.5499
170602     1.5474
180602     1.5443
190602     1.5415
200602     1.5319
210602     1.5232
240602     1.5166
250602     1.5218
260602     1.5211
270602     1.5108
280602     1.5190
 10702     1.5190
 20702     1.5263
 30702     1.5290
 50702     1.5247
 80702     1.5208
 90702     1.5145
100702     1.5203
110702     1.5223
120702     1.5299
150702     1.5365
160702     1.5347
170702     1.5399
180702     1.5440
190702     1.5386
220702     1.5562
230702     1.5779
240702     1.5765
250702     1.5725
260702     1.5880
290702     1.5725
300702     1.5735
310702     1.5845
 10802     1.5867
 20802     1.5885
 50802     1.5963
 60802     1.5935
 70802     1.5807
 80802     1.5818
 90802     1.5725
120802     1.5739
130802     1.5658
140802     1.5657
150802     1.5583
160802     1.5609
190802     1.5715
200802     1.5716
210802     1.5586
220802     1.5566
230802     1.5563
260802     1.5575
270802     1.5523
280802     1.5599
290802     1.5598
300802     1.5585
 30902     1.5545
 40902     1.5663
 50902     1.5672
 60902     1.5637
 90902     1.5662
100902     1.5737
110902     1.5770
120902     1.5848
130902     1.5858
160902     1.5830
170902     1.5791
180902     1.5835
190902     1.5727
200902     1.5730
230902     1.5845
240902     1.5856
250902     1.5812
260902     1.5769
270902     1.5777
300902     1.5863
 11002     1.5863
 21002     1.5855
 31002     1.5903
 41002     1.5943
 71002     1.5922
 81002     1.5935
 91002     1.5933
101002     1.5916
111002     1.5888
151002     1.5857
161002     1.5840
171002     1.5725
181002     1.5723
211002     1.5682
221002     1.5680
231002     1.5685
241002     1.5610
251002     1.5676
281002     1.5607
291002     1.5632
301002     1.5677
311002     1.5610
 11102     1.5580
 41102     1.5562
 51102     1.5563
 61102     1.5586
 71102     1.5528
 81102     1.5644
121102     1.5739
131102     1.5765
141102     1.5748
151102     1.5815
181102     1.5903
191102     1.5853
201102     1.5840
211102     1.5783
221102     1.5804
251102     1.5735
261102     1.5720
271102     1.5750
291102     1.5658
 21202     1.5595
 31202     1.5573
 41202     1.5579
 51202     1.5612
 61202     1.5660
 91202     1.5615
101202     1.5612
111202     1.5562
121202     1.5550
131202     1.5603
161202     1.5627
171202     1.5510
181202     1.5538
191202     1.5478
201202     1.5525
231202     1.5508
241202     1.5482
261202     1.5532
271202     1.5683
301202     1.5792
311202     1.5800
 20103     1.5750
 30103     1.5665
 60103     1.5598
 70103     1.5590
 80103     1.5613
 90103     1.5541
100103     1.5502
130103     1.5423
140103     1.5396
150103     1.5353
160103     1.5366
170103     1.5355
210103     1.5332
220103     1.5324
230103     1.5240
240103     1.5220
270103     1.5246
280103     1.5359
290103     1.5235
300103     1.5310
310103     1.5286
 30203     1.5207
 40203     1.5146
 50203     1.5195
 60203     1.5213
 70203     1.5215
100203     1.5315
110203     1.5303
120203     1.5290
130203     1.5199
140203     1.5191
180203     1.5150
190203     1.5140
200203     1.5047
210203     1.5052
240203     1.4944
250203     1.4928
260203     1.4939
270203     1.4954
280203     1.4880
 30303     1.4853
 40303     1.4775
 50303     1.4727
 60303     1.4714
 70303     1.4665
100303     1.4659
110303     1.4725
120303     1.4728
130303     1.4855
140303     1.4822
170303     1.4835
180303     1.4788
190303     1.4804
200303     1.4788
210303     1.4905
240303     1.4805
250303     1.4770
260303     1.4711
270303     1.4673
280303     1.4680
310303     1.4695
 10403     1.4729
 20403     1.4762
 30403     1.4760
 40403     1.4720
 70403     1.4843
 80403     1.4677
 90403     1.4678
100403     1.4570
110403     1.4519
140403     1.4533
150403     1.4515
160403     1.4563
170403     1.4490
180403     1.4500
210403     1.4547
220403     1.4473
230403     1.4512
240403     1.4579
250403     1.4535
280403     1.4504
290403     1.4460
300403     1.4336
 10503     1.4191
 20503     1.4221
 50503     1.4134
 60503     1.4085
 70503     1.4010
 80503     1.3950
 90503     1.3930
120503     1.3885
130503     1.3898
140503     1.3786
150503     1.3757
160503     1.3672
190503     1.3604
200503     1.3446
210503     1.3498
220503     1.3679
230503     1.3783
270503     1.3754
280503     1.3867
290503     1.3769
300503     1.3712
 20603     1.3696
 30603     1.3768
 40603     1.3575
 50603     1.3404
 60603     1.3540
 90603     1.3585
100603     1.3649
110603     1.3523
120603     1.3492
130603     1.3362
160603     1.3397
170603     1.3393
180603     1.3348
190603     1.3508
200603     1.3590
230603     1.3561
240603     1.3614
250603     1.3428
260603     1.3542
270603     1.3494
300603     1.3558
 10703     1.3492
 20703     1.3368
 30703     1.3368
 70703     1.3486
 80703     1.3702
 90703     1.3748
100703     1.3822
110703     1.3762
140703     1.3739
150703     1.3927
160703     1.3874
170703     1.3973
180703     1.4114
210703     1.4052
220703     1.4106
230703     1.3990
240703     1.3964
250703     1.3813
280703     1.3827
290703     1.3857
300703     1.4002
310703     1.4074
 10803     1.3960
 40803     1.4065
 50803     1.4045
 60803     1.4060
 70803     1.3933
 80803     1.3935
110803     1.3840
120803     1.3852
130803     1.3836
140803     1.3937
150803     1.3873
180803     1.3913
190803     1.4010
200803     1.4028
210803     1.4067
220803     1.4100
250803     1.3985
260803     1.3933
270803     1.4022
280803     1.3973
290803     1.3850
 20903     1.3876
 30903     1.3816
 40903     1.3735
 50903     1.3714
 80903     1.3710
 90903     1.3668
100903     1.3659
110903     1.3709
120903     1.3630
150903     1.3660
160903     1.3690
170903     1.3667
180903     1.3644
190903     1.3469
220903     1.3474
230903     1.3561
240903     1.3543
250903     1.3477
260903     1.3547
290903     1.3552
300903     1.3507
 11003     1.3481
 21003     1.3388
 31003     1.3418
 61003     1.3413
 71003     1.3295
 81003     1.3332
 91003     1.3401
101003     1.3210
141003     1.3234
151003     1.3243
161003     1.3162
171003     1.3145
201003     1.3200
211003     1.3160
221003     1.3043
231003     1.3087
241003     1.3072
271003     1.3107
281003     1.3108
291003     1.3098
301003     1.3069
311003     1.3195
 31103     1.3323
 41103     1.3321
 51103     1.3312
 61103     1.3362
 71103     1.3237
101103     1.3108
121103     1.3007
131103     1.3000
141103     1.3034
171103     1.3143
181103     1.3025
191103     1.3040
201103     1.3031
211103     1.3042
241103     1.3210
251103     1.3135
261103     1.3045
281103     1.2973
 11203     1.3023
 21203     1.2988
 31203     1.3000
 41203     1.3125
 51203     1.3045
 81203     1.2967
 91203     1.3092
101203     1.3078
111203     1.3272
121203     1.3150
151203     1.3129
161203     1.3185
171203     1.3250
181203     1.3295
191203     1.3405
221203     1.3320
231203     1.3244
241203     1.3109
261203     1.3067
291203     1.3103
301203     1.3036
311203     1.2923
 20104     1.2900
 50104     1.2803
 60104     1.2824
 70104     1.2884
 80104     1.2790
 90104     1.2690
120104     1.2735
130104     1.2729
140104     1.2866
150104     1.2990
160104     1.2975
200104     1.2861
210104     1.3018
220104     1.2970
230104     1.3115
260104     1.3130
270104     1.3048
280104     1.3218
290104     1.3340
300104     1.3265
 20204     1.3385
 30204     1.3374
 40204     1.3330
 50204     1.3318
 60204     1.3297
 90204     1.3304
100204     1.3289
110204     1.3178
120204     1.3188
130204     1.3148
170204     1.3108
180204     1.3182
190204     1.3283
200204     1.3442
230204     1.3363
240204     1.3283
250204     1.3370
260204     1.3433
270204     1.3405
 10304     1.3395
 20304     1.3437
 30304     1.3480
 40304     1.3326
 50304     1.3191
 80304     1.3235
 90304     1.3188
100304     1.3275
110304     1.3228
120304     1.3385
150304     1.3322
160304     1.3333
170304     1.3419
180304     1.3290
190304     1.3310
220304     1.3280
230304     1.3320
240304     1.3385
250304     1.3303
260304     1.3194
