 30100    1.0155
 40100    1.0309
 50100    1.0335
 60100    1.0324
 70100    1.0294
100100    1.0252
110100    1.0322
120100    1.0281
130100    1.0270
140100    1.0128
180100    1.0121
190100    1.0115
200100    1.0133
210100    1.0100
240100    1.0019
250100    1.0041
260100    1.0011
270100    0.9890
280100    0.9765
310100    0.9757
 10200    0.9731
 20200    0.9768
 30200    0.9887
 40200    0.9760
 70200    0.9783
 80200    0.9862
 90200    0.9914
100200    0.9865
110200    0.9847
140200    0.9783
150200    0.9834
160200    0.9842
170200    0.9863
180200    0.9850
220200    1.0060
230200    1.0017
240200    0.9931
250200    0.9763
280200    0.9669
290200    0.9643
 10300    0.9700
 20300    0.9619
 30300    0.9618
 60300    0.9603
 70300    0.9560
 80300    0.9576
 90300    0.9684
100300    0.9659
130300    0.9648
140300    0.9644
150300    0.9696
160300    0.9710
170300    0.9694
200300    0.9710
210300    0.9703
220300    0.9608
230300    0.9691
240300    0.9724
270300    0.9645
280300    0.9614
290300    0.9524
300300    0.9594
310300    0.9574
 30400    0.9560
 40400    0.9588
 50400    0.9647
 60400    0.9580
 70400    0.9590
100400    0.9588
110400    0.9591
120400    0.9551
130400    0.9524
140400    0.9564
170400    0.9550
180400    0.9477
190400    0.9369
200400    0.9376
210400    0.9379
240400    0.9396
250400    0.9265
260400    0.9217
270400    0.9083
280400    0.9089
 10500    0.9120
 20500    0.9068
 30500    0.8891
 40500    0.8907
 50500    0.8953
 80500    0.8950
 90500    0.9023
100500    0.9097
110500    0.9021
120500    0.9080
150500    0.9138
160500    0.9053
170500    0.8921
180500    0.8952
190500    0.8946
220500    0.9036
230500    0.9032
240500    0.9096
250500    0.9072
260500    0.9310
300500    0.9314
310500    0.9328
 10600    0.9307
 20600    0.9432
 50600    0.9471
 60600    0.9570
 70600    0.9600
 80600    0.9548
 90600    0.9526
120600    0.9544
130600    0.9619
140600    0.9590
150600    0.9530
160600    0.9648
190600    0.9622
200600    0.9557
210600    0.9455
220600    0.9398
230600    0.9358
260600    0.9382
270600    0.9444
280600    0.9444
290600    0.9515
300600    0.9545
 30700    0.9526
 50700    0.9548
 60700    0.9527
 70700    0.9484
100700    0.9521
110700    0.9497
120700    0.9401
130700    0.9339
140700    0.9374
170700    0.9351
180700    0.9322
190700    0.9237
200700    0.9292
210700    0.9343
240700    0.9314
250700    0.9391
260700    0.9413
270700    0.9331
280700    0.9246
310700    0.9266
 10800    0.9228
 20800    0.9137
 30800    0.9042
 40800    0.9075
 70800    0.9105
 80800    0.9019
 90800    0.8991
100800    0.9077
110800    0.9046
140800    0.9037
150800    0.9135
160800    0.9143
170800    0.9152
180800    0.9068
210800    0.9027
220800    0.8965
230800    0.8967
240800    0.9028
250800    0.9024
280800    0.9002
290800    0.8966
300800    0.8924
310800    0.8878
 10900    0.8993
 50900    0.8876
 60900    0.8702
 70900    0.8740
 80900    0.8664
110900    0.8624
120900    0.8596
130900    0.8640
140900    0.8617
150900    0.8572
180900    0.8523
190900    0.8514
200900    0.8462
210900    0.8558
220900    0.8793
250900    0.8738
260900    0.8815
270900    0.8805
280900    0.8826
290900    0.8837
 21000    0.8806
 31000    0.8741
 41000    0.8726
 51000    0.8685
 61000    0.8680
101000    0.8682
111000    0.8715
121000    0.8644
131000    0.8568
161000    0.8489
171000    0.8507
181000    0.8391
191000    0.8406
201000    0.8400
231000    0.8364
241000    0.8364
251000    0.8270
261000    0.8271
271000    0.8406
301000    0.8432
311000    0.8486
 11100    0.8584
 21100    0.8594
 31100    0.8614
 61100    0.8584
 71100    0.8583
 81100    0.8559
 91100    0.8574
101100    0.8625
131100    0.8607
141100    0.8573
151100    0.8570
161100    0.8532
171100    0.8516
201100    0.8486
211100    0.8458
221100    0.8423
241100    0.8382
271100    0.8500
281100    0.8547
291100    0.8577
301100    0.8694
 11200    0.8765
 41200    0.8875
 51200    0.8804
 61200    0.8877
 71200    0.8891
 81200    0.8838
111200    0.8771
121200    0.8775
131200    0.8755
141200    0.8858
151200    0.8981
181200    0.8929
191200    0.8902
201200    0.9058
211200    0.9112
221200    0.9230
261200    0.9292
271200    0.9304
281200    0.9257
291200    0.9388
 20101    0.9465
 30101    0.9473
 40101    0.9448
 50101    0.9535
 80101    0.9486
 90101    0.9397
100101    0.9387
110101    0.9520
120101    0.9486
160101    0.9374
170101    0.9306
180101    0.9446
190101    0.9363
220101    0.9374
230101    0.9389
240101    0.9258
250101    0.9219
260101    0.9213
290101    0.9181
300101    0.9264
310101    0.9308
 10201    0.9384
 20201    0.9357
 50201    0.9395
 60201    0.9304
 70201    0.9331
 80201    0.9184
 90201    0.9267
120201    0.9287
130201    0.9204
140201    0.9197
150201    0.9057
160201    0.9162
200201    0.9096
210201    0.9077
220201    0.9069
230201    0.9095
260201    0.9093
270201    0.9128
280201    0.9212
 10301    0.9291
 20301    0.9340
 50301    0.9289
 60301    0.9313
 70301    0.9274
 80301    0.9281
 90301    0.9315
120301    0.9300
130301    0.9148
140301    0.9133
150301    0.9046
160301    0.8929
190301    0.8985
200301    0.9054
210301    0.8970
220301    0.8881
230301    0.8926
260301    0.8955
270301    0.8910
280301    0.8882
290301    0.8807
300301    0.8794
 20401    0.8824
 30401    0.8930
 40401    0.9013
 50401    0.8976
 60401    0.9002
 90401    0.9014
100401    0.8884
110401    0.8856
120401    0.8922
130401    0.8888
160401    0.8862
170401    0.8814
180401    0.8816
190401    0.8909
200401    0.9032
230401    0.8960
240401    0.8946
250401    0.8972
260401    0.9011
270401    0.8924
300401    0.8874
 10501    0.8937
 20501    0.8925
 30501    0.8891
 40501    0.8934
 70501    0.8916
 80501    0.8848
 90501    0.8845
100501    0.8792
110501    0.8759
140501    0.8748
150501    0.8788
160501    0.8842
170501    0.8828
180501    0.8774
210501    0.8762
220501    0.8657
230501    0.8598
240501    0.8570
250501    0.8577
290501    0.8547
300501    0.8576
310501    0.8455
 10601    0.8452
 40601    0.8449
 50601    0.8504
 60601    0.8452
 70601    0.8506
 80601    0.8505
110601    0.8425
120601    0.8479
130601    0.8536
140601    0.8598
150601    0.8628
180601    0.8610
190601    0.8558
200601    0.8506
210601    0.8544
220601    0.8570
250601    0.8611
260601    0.8623
270601    0.8621
280601    0.8470
290601    0.8474
 20701    0.8455
 30701    0.8477
 50701    0.8370
 60701    0.8465
 90701    0.8474
100701    0.8557
110701    0.8614
120701    0.8530
130701    0.8527
160701    0.8549
170701    0.8549
180701    0.8701
190701    0.8690
200701    0.8713
230701    0.8676
240701    0.8752
250701    0.8797
260701    0.8765
270701    0.8749
300701    0.8750
310701    0.8752
 10801    0.8793
 20801    0.8813
 30801    0.8843
 60801    0.8802
 70801    0.8775
 80801    0.8778
 90801    0.8886
100801    0.8940
130801    0.8983
140801    0.9025
150801    0.9114
160801    0.9138
170801    0.9165
200801    0.9127
210801    0.9115
220801    0.9194
230801    0.9166
240801    0.9116
270801    0.9098
280801    0.9102
290801    0.9097
300801    0.9154
310801    0.9090
 40901    0.8868
 50901    0.8897
 60901    0.8943
 70901    0.9044
100901    0.8988
120901    0.9069
130901    0.9089
140901    0.9199
170901    0.9198
180901    0.9233
190901    0.9310
200901    0.9255
210901    0.9099
240901    0.9135
250901    0.9222
260901    0.9231
270901    0.9181
280901    0.9099
 11001    0.9159
 21001    0.9149
 31001    0.9181
 41001    0.9141
 51001    0.9168
 91001    0.9150
101001    0.9118
111001    0.9008
121001    0.9078
151001    0.9077
161001    0.9094
171001    0.9065
181001    0.9025
191001    0.8987
221001    0.8906
231001    0.8893
241001    0.8925
251001    0.8965
261001    0.8921
291001    0.9037
301001    0.9060
311001    0.8993
 11101    0.9044
 21101    0.9037
 51101    0.8963
 61101    0.8975
 71101    0.8999
 81101    0.8910
 91101    0.8935
131101    0.8811
141101    0.8829
151101    0.8813
161101    0.8849
191101    0.8781
201101    0.8832
211101    0.8781
231101    0.8770
261101    0.8811
271101    0.8812
281101    0.8863
291101    0.8879
301101    0.8958
 31201    0.8897
 41201    0.8898
 51201    0.8856
 61201    0.8916
 71201    0.8905
101201    0.8884
111201    0.8904
121201    0.8945
131201    0.8976
141201    0.9044
171201    0.9040
181201    0.9019
191201    0.8997
201201    0.8972
211201    0.8864
241201    0.8773
261201    0.8778
271201    0.8843
281201    0.8822
311201    0.8901
 20102    0.9031
 30102    0.8992
 40102    0.8946
 70102    0.8931
 80102    0.8925
 90102    0.8882
100102    0.8925
110102    0.8905
140102    0.8935
150102    0.8913
160102    0.8834
170102    0.8800
180102    0.8844
220102    0.8838
230102    0.8836
240102    0.8782
250102    0.8655
280102    0.8605
290102    0.8643
300102    0.8648
310102    0.8594
 10202    0.8613
 40202    0.8685
 50202    0.8672
 60202    0.8693
 70202    0.8690
 80202    0.8727
110202    0.8778
120202    0.8768
130202    0.8730
140202    0.8713
150202    0.8730
190202    0.8764
200202    0.8705
210202    0.8712
220202    0.8757
250202    0.8713
260202    0.8682
270202    0.8642
280202    0.8658
 10302    0.8652
 40302    0.8705
 50302    0.8699
 60302    0.8772
 70302    0.8795
 80302    0.8752
110302    0.8768
120302    0.8759
130302    0.8770
140302    0.8816
150302    0.8823
180302    0.8826
190302    0.8805
200302    0.8836
210302    0.8836
220302    0.8791
250302    0.8768
260302    0.8767
270302    0.8726
280302    0.8711
290302    0.8717
 10402    0.8806
 20402    0.8782
 30402    0.8804
 40402    0.8779
 50402    0.8805
 80402    0.8750
 90402    0.8793
100402    0.8794
110402    0.8829
120402    0.8792
150402    0.8802
160402    0.8830
170402    0.8885
180402    0.8898
190402    0.8893
220402    0.8877
230402    0.8897
240402    0.8915
250402    0.8978
260402    0.8980
290402    0.9028
300402    0.9002
 10502    0.9062
 20502    0.9032
 30502    0.9133
 60502    0.9166
 70502    0.9148
 80502    0.9040
 90502    0.9088
100502    0.9116
130502    0.9107
140502    0.9022
150502    0.9074
160502    0.9105
170502    0.9206
200502    0.9213
210502    0.9191
220502    0.9265
230502    0.9233
240502    0.9220
280502    0.9285
290502    0.9313
300502    0.9373
310502    0.9339
 30602    0.9390
 40602    0.9424
 50602    0.9391
 60602    0.9457
 70602    0.9449
100602    0.9446
110602    0.9445
120602    0.9473
130602    0.9440
140602    0.9448
170602    0.9442
180602    0.9483
190602    0.9544
200602    0.9646
210602    0.9705
240602    0.9786
250602    0.9692
260602    0.9825
270602    0.9885
280602    0.9856
 10702    0.9893
 20702    0.9840
 30702    0.9816
 50702    0.9730
 80702    0.9869
 90702    0.9938
100702    0.9890
110702    0.9927
120702    0.9904
150702    1.0072
160702    1.0087
170702    1.0078
180702    1.0067
190702    1.0156
220702    1.0098
230702    0.9933
240702    0.9945
250702    0.9997
260702    0.9882
290702    0.9779
300702    0.9879
310702    0.9796
 10802    0.9843
 20802    0.9882
 50802    0.9846
 60802    0.9640
 70802    0.9738
 80802    0.9653
 90802    0.9714
120802    0.9778
130802    0.9787
140802    0.9867
150802    0.9816
160802    0.9836
190802    0.9775
200802    0.9779
210802    0.9796
220802    0.9697
230802    0.9726
260802    0.9731
270802    0.9814
280802    0.9820
290802    0.9829
300802    0.9806
 30902    0.9959
 40902    0.9923
 50902    0.9911
 60902    0.9843
 90902    0.9817
100902    0.9752
110902    0.9724
120902    0.9761
130902    0.9743
160902    0.9723
170902    0.9685
180902    0.9789
190902    0.9817
200902    0.9839
230902    0.9822
240902    0.9815
250902    0.9797
260902    0.9755
270902    0.9772
300902    0.9879
 11002    0.9859
 21002    0.9842
 31002    0.9871
 41002    0.9821
 71002    0.9816
 81002    0.9796
 91002    0.9868
101002    0.9861
111002    0.9854
151002    0.9810
161002    0.9824
171002    0.9718
181002    0.9708
211002    0.9732
221002    0.9782
231002    0.9772
241002    0.9742
251002    0.9767
281002    0.9843
291002    0.9851
301002    0.9835
311002    0.9881
 11102    0.9971
 41102    0.9953
 51102    0.9994
 61102    0.9974
 71102    1.0092
 81102    1.0139
121102    1.0105
131102    1.0060
141102    1.0034
151102    1.0082
181102    1.0083
191102    1.0107
201102    1.0024
211102    0.9984
221102    0.9966
251102    0.9937
261102    0.9913
271102    0.9895
291102    0.9932
 21202    0.9927
 31202    0.9968
 41202    0.9999
 51202    0.9989
 61202    1.0081
 91202    1.0088
101202    1.0073
111202    1.0083
121202    1.0189
131202    1.0226
161202    1.0210
171202    1.0267
181202    1.0254
191202    1.0217
201202    1.0268
231202    1.0217
241202    1.0305
261202    1.0358
271202    1.0411
301202    1.0460
311202    1.0485
 20103    1.0361
 30103    1.0418
 60103    1.0469
 70103    1.0419
 80103    1.0447
 90103    1.0467
100103    1.0535
130103    1.0535
140103    1.0571
150103    1.0576
160103    1.0569
170103    1.0660
210103    1.0677
220103    1.0729
230103    1.0767
240103    1.0825
270103    1.0838
280103    1.0833
290103    1.0861
300103    1.0776
310103    1.0739
 30203    1.0761
 40203    1.0875
 50203    1.0842
 60203    1.0828
 70203    1.0801
100203    1.0740
110203    1.0747
120203    1.0716
130203    1.0834
140203    1.0799
180203    1.0708
190203    1.0744
200203    1.0821
210203    1.0787
240203    1.0783
250203    1.0782
260203    1.0797
270203    1.0763
280203    1.0779
 30303    1.0835
 40303    1.0883
 50303    1.0967
 60303    1.0997
 70303    1.1014
100303    1.1062
110303    1.1028
120303    1.1023
130303    1.0870
140303    1.0725
170303    1.0606
180303    1.0624
190303    1.0590
200303    1.0613
210303    1.0545
240303    1.0644
250303    1.0673
260303    1.0677
270303    1.0708
280303    1.0762
310303    1.0900
 10403    1.0904
 20403    1.0765
 30403    1.0736
 40403    1.0711
 70403    1.0621
 80403    1.0684
 90403    1.0722
100403    1.0803
110403    1.0751
140403    1.0773
150403    1.0801
160403    1.0872
170403    1.0907
180403    1.0882
210403    1.0857
220403    1.0966
230403    1.0949
240403    1.1039
250403    1.1040
280403    1.0999
290403    1.1010
300403    1.1180
 10503    1.1238
 20503    1.1200
 50503    1.1271
 60503    1.1354
 70503    1.1340
 80503    1.1453
 90503    1.1498
120503    1.1557
130503    1.1499
140503    1.1498
150503    1.1457
160503    1.1542
190503    1.1686
200503    1.1685
210503    1.1707
220503    1.1700
230503    1.1786
270503    1.1853
280503    1.1742
290503    1.1835
300503    1.1766
 20603    1.1744
 30603    1.1702
 40603    1.1708
 50603    1.1870
 60603    1.1695
 90603    1.1743
100603    1.1686
110603    1.1764
120603    1.1767
130603    1.1830
160603    1.1843
170603    1.1812
180603    1.1710
190603    1.1678
200603    1.1616
230603    1.1548
240603    1.1498
250603    1.1592
260603    1.1429
270603    1.1423
300603    1.1502
 10703    1.1580
 20703    1.1524
 30703    1.1503
 70703    1.1341
 80703    1.1265
 90703    1.1311
100703    1.1390
110703    1.1304
140703    1.1298
150703    1.1233
160703    1.1209
170703    1.1164
180703    1.1239
210703    1.1346
220703    1.1325
230703    1.1484
240703    1.1441
250703    1.1513
280703    1.1497
290703    1.1466
300703    1.1367
310703    1.1231
 10803    1.1252
 40803    1.1337
 50803    1.1349
 60803    1.1357
 70803    1.1390
 80803    1.1321
110803    1.1349
120803    1.1304
130803    1.1317
140803    1.1249
150803    1.1255
180803    1.1138
190803    1.1117
200803    1.1104
210803    1.0976
220803    1.0871
250803    1.0892
260803    1.0893
270803    1.0906
280803    1.0896
290803    1.0986
 20903    1.0872
 30903    1.0845
 40903    1.0899
 50903    1.1073
 80903    1.1124
 90903    1.1190
100903    1.1195
110903    1.1186
120903    1.1307
150903    1.1304
160903    1.1166
170903    1.1239
180903    1.1240
190903    1.1346
220903    1.1468
230903    1.1487
240903    1.1472
250903    1.1484
260903    1.1482
290903    1.1578
300903    1.1650
 11003    1.1708
 21003    1.1717
 31003    1.1596
 61003    1.1706
 71003    1.1784
 81003    1.1805
 91003    1.1695
101003    1.1812
141003    1.1724
151003    1.1652
161003    1.1665
171003    1.1630
201003    1.1671
211003    1.1676
221003    1.1805
231003    1.1795
241003    1.1833
271003    1.1762
281003    1.1689
291003    1.1673
301003    1.1694
311003    1.1609
 31103    1.1454
 41103    1.1497
 51103    1.1473
 61103    1.1417
 71103    1.1505
101103    1.1515
121103    1.1647
131103    1.1711
141103    1.1743
171103    1.1744
181103    1.1893
191103    1.1909
201103    1.1895
211103    1.1913
241103    1.1768
251103    1.1785
261103    1.1918
281103    1.1995
 11203    1.1956
 21203    1.2084
 31203    1.2093
 41203    1.2077
 51203    1.2157
 81203    1.2217
 91203    1.2229
101203    1.2215
111203    1.2164
121203    1.2284
151203    1.2290
161203    1.2328
171203    1.2381
181203    1.2376
191203    1.2380
221203    1.2415
231203    1.2406
241203    1.2464
261203    1.2441
291203    1.2485
301203    1.2521
311203    1.2597
 20104    1.2592
 50104    1.2679
 60104    1.2773
 70104    1.2665
 80104    1.2772
 90104    1.2853
120104    1.2802
130104    1.2735
140104    1.2726
150104    1.2588
160104    1.2395
200104    1.2584
210104    1.2617
220104    1.2717
230104    1.2610
260104    1.2552
270104    1.2643
280104    1.2620
290104    1.2389
300104    1.2452
 20204    1.2426
 30204    1.2561
 40204    1.2552
 50204    1.2606
 60204    1.2694
 90204    1.2672
100204    1.2727
110204    1.2815
120204    1.2807
130204    1.2751
170204    1.2848
180204    1.2812
190204    1.2685
200204    1.2563
230204    1.2569
240204    1.2692
250204    1.2503
260204    1.2444
270204    1.2441
 10304    1.2431
 20304    1.2212
 30304    1.2088
 40304    1.2225
 50304    1.2401
 80304    1.2371
 90304    1.2428
100304    1.2226
110304    1.2268
120304    1.2191
150304    1.2243
160304    1.2270
170304    1.2197
180304    1.2392
190304    1.2269
220304    1.2368
230304    1.2311
240304    1.2213
250304    1.2170
260304    1.2092
