 30100    101.7000
 40100    103.0900
 50100    103.7700
 60100    105.1900
 70100    105.1700
100100    105.2800
110100    106.0900
120100    105.7600
130100    106.0900
140100    105.8600
180100    105.4900
190100    105.3900
200100    105.4500
210100    104.9600
240100    105.5200
250100    105.8700
260100    105.8500
270100    104.9100
280100    107.1500
310100    107.3300
 10200    107.6700
 20200    108.4000
 30200    107.9200
 40200    107.5400
 70200    108.7500
 80200    109.5900
 90200    109.1100
100200    108.7400
110200    108.9900
140200    108.6500
150200    108.7500
160200    109.3800
170200    110.2700
180200    110.8800
220200    111.0400
230200    111.1100
240200    110.9500
250200    110.9800
280200    109.1700
290200    109.8800
 10300    107.1000
 20300    107.3700
 30300    107.8000
 60300    107.7400
 70300    106.2000
 80300    106.8900
 90300    106.4500
100300    106.2700
130300    105.3200
140300    104.8500
150300    105.5800
160300    105.6300
170300    106.1000
200300    106.5000
210300    106.9100
220300    106.7700
230300    107.4500
240300    107.2500
270300    107.1300
280300    105.9000
290300    105.6000
300300    105.5300
310300    102.7300
 30400    104.8200
 40400    105.3300
 50400    105.0000
 60400    104.7800
 70400    105.3300
100400    106.3700
110400    106.9500
120400    105.8600
130400    105.7600
140400    105.1200
170400    104.1900
180400    104.5900
190400    104.9400
200400    105.4500
210400    105.8800
240400    105.6600
250400    105.7100
260400    106.4600
270400    106.3600
280400    107.9800
 10500    108.8900
 20500    108.6300
 30500    109.1400
 40500    108.1700
 50500    108.5300
 80500    109.0300
 90500    109.6100
100500    109.3300
110500    108.4700
120500    108.7400
150500    109.4800
160500    109.7500
170500    109.5300
180500    108.7000
190500    106.8900
220500    107.0200
230500    106.7200
240500    107.5800
250500    107.4800
260500    107.1800
300500    106.4400
310500    107.7400
 10600    108.7400
 20600    108.1500
 50600    107.4400
 60600    105.6400
 70600    105.5000
 80600    105.8600
 90600    106.7800
120600    106.6500
130600    106.7900
140600    106.8900
150600    106.5200
160600    106.2200
190600    105.7400
200600    105.4200
210600    105.5000
220600    104.4000
230600    104.5900
260600    105.6600
270600    105.5300
280600    105.5100
290600    105.0900
300600    106.1400
 30700    105.6400
 50700    106.9100
 60700    107.3700
 70700    107.8100
100700    107.1000
110700    106.9300
120700    108.3600
130700    108.2700
140700    107.8800
170700    108.5300
180700    108.3000
190700    108.2000
200700    107.8900
210700    109.0800
240700    108.9200
250700    109.3000
260700    109.2800
270700    109.1500
280700    109.6300
310700    109.6800
 10800    109.4700
 20800    108.7700
 30800    108.3600
 40800    108.5400
 70800    108.9900
 80800    108.6400
 90800    107.9900
100800    108.7000
110800    108.6800
140800    109.5200
150800    109.0000
160800    108.5500
170800    108.4800
180800    108.4300
210800    108.5300
220800    108.3400
230800    107.0200
240800    106.8900
250800    107.1700
280800    106.4500
290800    106.2000
300800    106.4700
310800    106.6600
 10900    105.7800
 50900    105.8800
 60900    106.0800
 70900    105.1000
 80900    106.0300
110900    105.9700
120900    106.9300
130900    107.1100
140900    107.2500
150900    107.3300
180900    106.8700
190900    107.0200
200900    106.7700
210900    106.5000
220900    107.9400
250900    107.6300
260900    107.6300
270900    107.4400
280900    107.5900
290900    107.9000
 21000    108.8100
 31000    108.6600
 41000    109.2900
 51000    109.3000
 61000    108.8100
101000    107.9000
111000    107.6300
121000    107.5800
131000    107.6700
161000    108.3000
171000    108.1500
181000    107.7800
191000    108.5500
201000    109.0400
231000    108.4500
241000    108.0800
251000    108.0500
261000    108.3600
271000    108.7500
301000    108.9900
311000    109.1500
 11100    108.4800
 21100    108.3900
 31100    107.5800
 61100    107.3400
 71100    107.3000
 81100    107.5700
 91100    107.4100
101100    107.8300
131100    107.7000
141100    108.1500
151100    108.7500
161100    109.0800
171100    108.8600
201100    109.7900
211100    110.2900
221100    110.1600
241100    111.3800
271100    110.7000
281100    110.2300
291100    111.2800
301100    110.9300
 11200    111.1500
 41200    111.0700
 51200    111.0000
 61200    110.4200
 71200    110.7000
 81200    111.2900
111200    110.7700
121200    111.5000
131200    112.4000
141200    112.4200
151200    112.5500
181200    112.0600
191200    112.5500
201200    112.5800
211200    112.1800
221200    112.7500
261200    113.6200
271200    114.2000
281200    114.6200
291200    114.3500
 20101    114.7300
 30101    114.2600
 40101    115.4700
 50101    116.1900
 80101    115.9700
 90101    116.6400
100101    116.2600
110101    117.5600
120101    117.7600
160101    117.2800
170101    118.3500
180101    117.7800
190101    117.2300
220101    116.6200
230101    116.9500
240101    118.1800
250101    116.9100
260101    117.1600
290101    116.6700
300101    115.7500
310101    116.3900
 10201    115.3300
 20201    115.6500
 50201    114.9900
 60201    114.8800
 70201    116.2100
 80201    116.3000
 90201    117.5700
120201    117.6200
130201    117.3000
140201    116.6500
150201    115.6700
160201    115.4600
200201    115.5700
210201    116.4500
220201    116.5300
230201    116.1500
260201    116.6300
270201    116.2000
280201    117.2800
 10301    117.3300
 20301    119.0600
 50301    119.0800
 60301    118.8700
 70301    119.8600
 80301    119.5100
 90301    119.7100
120301    120.6300
130301    120.2000
140301    120.9700
150301    122.2300
160301    122.8500
190301    122.5700
200301    122.7300
210301    123.6200
220301    123.8400
230301    122.6400
260301    122.8100
270301    122.9900
280301    122.6200
290301    123.4500
300301    125.5400
 20401    126.7500
 30401    125.4100
 40401    125.3800
 50401    124.3300
 60401    124.0300
 90401    124.8500
100401    124.4800
110401    124.8200
120401    123.5100
130401    124.1500
160401    124.6400
170401    123.6700
180401    122.3500
190401    121.8700
200401    122.5200
230401    121.6800
240401    122.0800
250401    122.2100
260401    123.1300
270401    123.7600
300401    123.5700
 10501    121.9200
 20501    121.7200
 30501    121.1900
 40501    121.0500
 70501    121.3400
 80501    121.6600
 90501    122.2500
100501    122.7100
110501    122.5000
140501    123.1200
150501    123.2600
160501    123.5900
170501    122.6800
180501    123.6700
210501    122.9100
220501    122.7900
230501    120.3900
240501    120.1500
250501    120.7500
290501    120.1000
300501    120.2700
310501    118.8800
 10601    119.1300
 40601    119.5000
 50601    120.2700
 60601    120.3500
 70601    119.9100
 80601    120.6000
110601    122.0200
120601    121.7400
130601    121.8900
140601    121.4200
150601    122.9700
180601    123.2000
190601    122.9700
200601    123.3000
210601    124.4000
220601    124.2500
250601    124.0200
260601    123.8200
270601    124.2500
280601    124.6300
290601    124.7300
 20701    124.2200
 30701    124.4800
 50701    125.7700
 60701    125.8500
 90701    125.4300
100701    125.5300
110701    124.0600
120701    124.1000
130701    124.7500
160701    125.4400
170701    124.8900
180701    124.3500
190701    123.6100
200701    122.8500
230701    124.1900
240701    124.0000
250701    123.6400
260701    123.8300
270701    123.2900
300701    125.1800
310701    125.0000
 10801    124.8700
 20801    123.7200
 30801    123.4600
 60801    123.8500
 70801    123.8300
 80801    123.2000
 90801    123.0300
100801    121.9700
130801    122.4600
140801    121.6000
150801    119.9200
160801    120.1100
170801    120.3700
200801    120.7200
210801    119.9100
220801    119.9100
230801    119.8400
240801    120.1300
270801    120.1200
280801    120.4800
290801    119.7900
300801    119.4000
310801    118.7500
 40901    119.4900
 50901    120.7600
 60901    120.9500
 70901    120.0700
100901    121.0800
120901    119.5300
130901    118.8100
140901    117.3800
170901    117.5900
180901    117.3200
190901    117.3000
200901    115.8900
210901    116.7300
240901    117.5200
250901    117.7800
260901    117.8900
270901    119.6900
280901    119.2300
 11001    120.2700
 21001    120.7800
 31001    120.6700
 41001    120.6300
 51001    120.3700
 91001    120.2000
101001    120.4300
111001    121.5700
121001    120.9300
151001    120.9400
161001    121.2700
171001    121.0500
181001    121.1800
191001    121.1500
221001    122.4500
231001    122.8300
241001    122.8600
251001    122.7200
261001    122.9900
291001    122.0800
301001    122.0700
311001    122.5400
 11101    121.8700
 21101    121.6800
 51101    121.7200
 61101    121.1500
 71101    121.0500
 81101    119.9800
 91101    120.2500
131101    121.4500
141101    121.6700
151101    122.4000
161101    122.6700
191101    123.2700
201101    122.6200
211101    123.1900
231101    124.4400
261101    124.2000
271101    124.1700
281101    123.2900
291101    123.8200
301101    123.2200
 31201    123.9000
 41201    124.2800
 51201    124.4000
 61201    124.8300
 71201    125.6600
101201    126.2700
111201    126.2300
121201    126.5200
131201    126.3200
141201    127.2400
171201    127.5400
181201    127.9700
191201    128.2000
201201    128.5500
211201    129.4800
241201    129.9000
261201    130.7900
271201    131.4700
281201    131.3000
311201    131.0400
 20102    132.0200
 30102    131.7600
 40102    131.0200
 70102    130.9300
 80102    132.5300
 90102    132.6200
100102    132.6100
110102    132.1700
140102    131.8300
150102    131.1400
160102    131.7700
170102    132.1300
180102    132.6400
220102    133.9800
230102    134.2500
240102    134.6400
250102    134.4700
280102    133.4300
290102    133.5100
300102    132.8400
310102    134.0600
 10202    133.7700
 40202    132.7100
 50202    133.9000
 60202    133.7200
 70202    133.4900
 80202    134.7700
110202    133.6200
120202    132.8200
130202    133.2300
140202    132.2600
150202    132.7600
190202    133.4500
200202    133.7600
210202    134.2700
220202    133.8500
250202    133.8900
260202    134.3500
270202    134.6300
280202    133.9600
 10302    133.3500
 40302    132.2000
 50302    132.3100
 60302    130.8500
 70302    127.0700
 80302    128.2100
110302    128.0800
120302    128.6700
130302    129.4300
140302    128.9400
150302    129.1000
180302    131.2700
190302    132.3000
200302    131.6000
210302    131.8600
220302    132.8800
250302    133.4600
260302    132.7800
270302    132.6100
280302    132.6100
290302    132.7000
 10402    133.3200
 20402    133.4000
 30402    132.6500
 40402    132.3000
 50402    131.7300
 80402    131.2700
 90402    131.0300
100402    130.7500
110402    131.5500
120402    132.0900
150402    131.9500
160402    131.1900
170402    130.7000
180402    129.8400
190402    130.5000
220402    129.9000
230402    129.8900
240402    129.7600
250402    128.4000
260402    128.1800
290402    128.1300
300402    128.4500
 10502    127.4500
 20502    128.0200
 30502    127.2100
 60502    127.2700
 70502    127.8000
 80502    128.6400
 90502    128.3600
100502    127.8900
130502    127.6900
140502    128.6600
150502    127.9200
160502    128.1900
170502    126.0300
200502    125.6400
210502    123.8300
220502    124.1600
230502    124.8400
240502    124.7100
280502    124.3800
290502    124.3500
300502    123.0800
310502    124.1300
 30602    123.6900
 40602    123.9500
 50602    124.4000
 60602    124.3400
 70602    124.4900
100602    124.6000
110602    125.5600
120602    125.6400
130602    125.1200
140602    124.2500
170602    124.3700
180602    124.5600
190602    124.0400
200602    123.3300
210602    121.2300
240602    121.2800
250602    121.9000
260602    119.8300
270602    119.3800
280602    119.8500
 10702    120.0400
 20702    120.1300
 30702    119.7700
 50702    120.1900
 80702    118.6600
 90702    117.8500
100702    117.9400
110702    116.6200
120702    116.7300
150702    116.0600
160702    115.7100
170702    116.2400
180702    117.0200
190702    115.7300
220702    116.2200
230702    117.3500
240702    116.3300
250702    116.8700
260702    118.7800
290702    119.8700
300702    119.9000
310702    119.7700
 10802    119.1000
 20802    118.9800
 50802    119.2600
 60802    121.1400
 70802    120.3700
 80802    121.0400
 90802    120.1500
120802    118.8500
130802    119.0800
140802    116.5300
150802    117.2800
160802    117.5100
190802    118.5300
200802    118.8400
210802    118.5400
220802    119.8500
230802    119.5300
260802    119.5400
270802    118.3100
280802    118.3100
290802    118.3400
300802    118.7600
 30902    117.1200
 40902    118.0100
 50902    118.3400
 60902    118.4800
 90902    118.8500
100902    119.7800
110902    120.6400
120902    120.6800
130902    121.5000
160902    122.1700
170902    122.6400
180902    121.4900
190902    121.4800
200902    123.1600
230902    123.9300
240902    123.3800
250902    122.7200
260902    122.5900
270902    122.8600
300902    121.7400
 11002    122.7300
 21002    123.2100
 31002    123.0400
 41002    123.0200
 71002    124.4400
 81002    124.2600
 91002    123.5500
101002    123.6400
111002    124.0400
151002    124.6600
161002    124.3000
171002    124.8000
181002    125.5200
211002    124.7100
221002    125.0900
231002    124.1700
241002    124.7700
251002    124.1400
281002    123.6400
291002    122.5500
301002    122.9100
311002    122.7800
 11102    122.1600
 41102    122.4600
 51102    121.8400
 61102    122.2200
 71102    121.2600
 81102    119.7200
121102    119.5700
131102    120.2800
141102    120.4500
151102    120.3700
181102    121.1500
191102    121.6500
201102    122.5200
211102    122.9200
221102    122.8400
251102    122.3200
261102    121.8900
271102    122.2100
291102    122.7200
 21202    124.6100
 31202    124.4200
 41202    124.8400
 51202    124.9900
 61202    123.6900
 91202    123.3600
101202    123.6600
111202    123.4600
121202    122.7500
131202    120.7100
161202    121.2800
171202    121.2700
181202    121.1200
191202    120.8600
201202    120.5200
231202    120.7700
241202    120.2700
261202    120.1200
271202    119.9200
301202    118.3800
311202    118.7500
 20103    119.8600
 30103    119.8500
 60103    119.0600
 70103    120.1800
 80103    119.3500
 90103    119.5700
100103    119.4400
130103    119.0300
140103    117.9600
150103    117.9100
160103    118.0200
170103    117.8800
210103    118.5700
220103    118.1500
230103    117.8300
240103    117.8000
270103    118.6400
280103    118.6700
290103    118.1300
300103    119.2200
310103    119.9600
 30203    120.4700
 40203    119.7500
 50203    119.7800
 60203    119.9300
 70203    120.4000
100203    121.2500
110203    121.1900
120203    121.3000
130203    120.4900
140203    120.4100
180203    118.9300
190203    118.6500
200203    118.1800
210203    118.7800
240203    117.7800
250203    117.1400
260203    117.1900
270203    117.5800
280203    118.2200
 30303    117.9300
 40303    117.9600
 50303    117.3200
 60303    117.2200
 70303    116.4700
100303    116.5500
110303    117.0700
120303    117.1800
130303    118.3100
140303    118.5900
170303    118.4500
180303    118.9000
190303    120.1300
200303    120.0500
210303    121.4200
240303    120.6900
250303    120.0300
260303    120.1300
270303    119.7800
280303    120.1800
310303    118.0700
 10403    118.2500
 20403    119.1700
 30403    119.5500
 40403    120.0500
 70403    120.4100
 80403    119.9100
 90403    120.5500
100403    119.5800
110403    120.4700
140403    120.3000
150403    120.2000
160403    120.0400
170403    119.3000
180403    119.7200
210403    120.5500
220403    119.6800
230403    120.3300
240403    119.8300
250403    120.2500
280403    120.3400
290403    120.1400
300403    119.0700
 10503    118.5600
 20503    119.1000
 50503    118.6400
 60503    117.9400
 70503    116.5100
 80503    116.6500
 90503    117.2000
120503    116.9400
130503    116.5600
140503    116.1600
150503    115.9400
160503    116.0100
190503    116.5800
200503    116.7700
210503    117.2300
220503    117.2500
230503    116.8900
270503    117.1200
280503    118.7300
290503    118.4500
300503    119.5000
 20603    118.5200
 30603    119.2700
 40603    118.6000
 50603    117.6100
 60603    118.8300
 90603    118.1100
100603    117.6800
110603    117.6900
120603    117.6600
130603    117.4600
160603    117.7900
170603    118.2000
180603    118.4000
190603    118.7400
200603    118.3900
230603    117.5500
240603    117.9600
250603    117.5400
260603    119.3200
270603    119.7200
300603    119.8700
 10703    119.4500
 20703    118.6300
 30703    118.2400
 70703    118.0800
 80703    118.5800
 90703    117.8500
100703    117.6900
110703    117.8000
140703    117.5400
150703    117.2400
160703    118.2400
170703    118.8700
180703    118.4000
210703    118.3500
220703    119.3400
230703    118.7700
240703    119.2500
250703    118.8200
280703    119.4200
290703    119.7800
300703    120.5500
310703    120.4200
 10803    120.0000
 40803    120.4700
 50803    119.9500
 60803    120.3300
 70803    118.9100
 80803    119.0200
110803    118.3600
120803    118.5300
130803    119.0700
140803    119.1400
150803    119.2400
180803    119.4300
190803    119.2600
200803    118.2300
210803    117.5800
220803    117.5800
250803    117.4300
260803    117.4900
270803    117.7400
280803    117.4400
290803    116.7100
 20903    116.1500
 30903    116.0400
 40903    116.7700
 50903    117.0600
 80903    116.4800
 90903    116.3300
100903    117.1300
110903    117.0700
120903    117.3800
150903    117.4100
160903    116.2700
170903    115.9900
180903    115.2700
190903    113.9900
220903    111.9500
230903    111.6500
240903    111.7000
250903    111.8600
260903    111.8000
290903    111.0700
300903    111.4300
 11003    110.6100
 21003    110.5900
 31003    110.9000
 61003    110.8100
 71003    109.8100
 81003    109.5500
 91003    109.3400
101003    108.5700
141003    109.2900
151003    109.5600
161003    109.3600
171003    109.5700
201003    110.2200
211003    109.6900
221003    108.9500
231003    109.5900
241003    109.2300
271003    108.3800
281003    108.3300
291003    108.1800
301003    108.2700
311003    110.1000
 31103    111.2000
 41103    109.6000
 51103    109.9100
 61103    110.1500
 71103    109.2900
101103    107.9800
121103    108.5500
131103    108.3300
141103    108.4300
171103    108.9800
181103    108.1100
191103    109.0600
201103    108.9900
211103    108.8700
241103    109.3900
251103    109.7200
261103    109.1100
281103    109.5300
 11203    109.6100
 21203    108.8200
 31203    108.1700
 41203    108.1900
 51203    107.7800
 81203    107.2300
 91203    107.3000
101203    108.4000
111203    108.2300
121203    107.7300
151203    107.5200
161203    107.6000
171203    107.4200
181203    107.9200
191203    107.9400
221203    107.4000
231203    107.4400
241203    107.2900
261203    107.1800
291203    106.9300
301203    107.0000
311203    107.1300
 20104    106.9500
 50104    106.1000
 60104    106.2000
 70104    106.1900
 80104    106.1700
 90104    106.5400
120104    106.4800
130104    106.2500
140104    106.0600
150104    106.1000
160104    106.8700
200104    107.1700
210104    106.8400
220104    106.0800
230104    106.2100
260104    106.1500
270104    105.5600
280104    105.5200
290104    106.0900
300104    105.8400
 20204    105.5900
 30204    105.3600
 40204    105.5300
 50204    105.5200
 60204    105.5700
 90204    105.6800
100204    105.5500
110204    105.3700
120204    105.4200
130204    105.6000
170204    105.8000
180204    106.3700
190204    107.0900
200204    108.8300
230204    108.2200
240204    108.1100
250204    108.9900
260204    109.5900
270204    109.2600
 10304    108.9300
 20304    110.2700
 30304    110.2500
 40304    110.7400
 50304    111.4200
 80304    112.1200
 90304    111.2000
100304    111.0400
110304    110.8900
120304    110.8200
150304    110.4800
160304    108.9500
170304    108.1800
180304    106.6000
190304    106.9700
220304    106.8400
230304    106.6300
240304    106.2300
250304    106.0600
260304    105.9300
