19930104     0.01938    -0.000757
19930105     0.01141    -0.002389
19930106     0.02256     0.000414
19930107    -0.01838    -0.008722
19930108     0.00000    -0.003900
19930111     0.02622     0.004428
19930112     0.00000     0.000209
19930113    -0.00730     0.004617
19930114     0.00000     0.006720
19930115     0.01838     0.002776
19930118     0.02527    -0.000709
19930119     0.03169    -0.003914
19930120    -0.01024    -0.004045
19930121     0.03448     0.004892
19930122     0.01333     0.001424
19930125    -0.00987     0.008943
19930126     0.01661    -0.000136
19930127    -0.00654    -0.004182
19930128    -0.00658     0.001255
19930129     0.00000     0.000274
19930201     0.00993     0.008524
19930202    -0.01967     0.000090
19930203     0.04682     0.010484
19930204    -0.03514     0.005277
19930205     0.00861    -0.001401
19930208     0.02640    -0.002406
19930209    -0.01286    -0.005627
19930210     0.02280     0.002021
19930211     0.03185     0.003205
19930212     0.00309    -0.006880
19930216    -0.04923    -0.024000
19930217     0.02589    -0.001406
19930218    -0.02839    -0.003231
19930219     0.00974     0.005372
19930222    -0.00322     0.002349
19930223    -0.04839    -0.001011
19930224     0.02373     0.013960
19930225     0.00000     0.003334
19930226    -0.01325     0.002351
19930301    -0.00671    -0.003090
19930302     0.02365     0.013325
19930303     0.01650     0.003036
19930304    -0.00974    -0.004274
19930305     0.02295    -0.002750
19930308     0.01923     0.019278
19930309     0.00629    -0.000682
19930310     0.00313     0.004247
19930311    -0.03427    -0.005720
19930312    -0.00968    -0.008574
19930315     0.01303     0.003557
19930316    -0.01286    -0.000133
19930317     0.00977    -0.006779
19930318     0.02581     0.007986
19930319     0.00000    -0.003784
19930322     0.00000    -0.002888
19930323     0.00000    -0.000267
19930324    -0.02201    -0.001538
19930325    -0.00965     0.006271
19930326    -0.00974    -0.006875
19930329     0.00984     0.006677
19930330    -0.00974     0.002662
19930331    -0.01311    -0.000664
19930401    -0.00664    -0.003033
19930402    -0.00334    -0.019787
19930405     0.01342     0.002039
19930406     0.01656    -0.002555
19930407     0.02280     0.003559
19930408     0.00637    -0.002010
19930412    -0.00949     0.014779
19930413     0.01278     0.001896
19930414     0.02524    -0.001247
19930415    -0.01538    -0.000580
19930416     0.01250     0.001204
19930419    -0.02160    -0.003297
19930420    -0.01262    -0.005274
19930421    -0.00639    -0.003303
19930422    -0.00643    -0.009400
19930423     0.04854    -0.005530
19930426    -0.02160    -0.007986
19930427     0.01893     0.010310
19930428     0.04954     0.000023
19930429    -0.03245     0.001986
19930430    -0.00305     0.002962
19930503     0.03670     0.005157
19930504    -0.01180     0.003594
19930505    -0.01791     0.001058
19930506    -0.02128    -0.002835
19930507    -0.00124    -0.002143
19930510     0.01563     0.001108
19930511     0.01231     0.003523
19930512     0.00304     0.000990
19930513    -0.02424    -0.012522
19930514    -0.02484     0.000751
19930517     0.01592     0.001843
19930518    -0.01567    -0.000114
19930519     0.01274     0.016465
19930520     0.00314     0.006748
19930521    -0.00940    -0.010542
19930524     0.00949     0.004845
19930525    -0.00313     0.001897
19930526     0.00943     0.010226
19930527    -0.00623    -0.002272
19930528     0.00627    -0.004907
19930601     0.00623     0.008085
19930602     0.00000     0.000044
19930603     0.01548    -0.002997
19930604     0.01220    -0.005370
19930607     0.00000    -0.005266
19930608    -0.02410    -0.006656
19930609     0.01235     0.002406
19930610     0.00305    -0.000897
19930611    -0.00912     0.004221
19930614    -0.00613     0.001006
19930615    -0.00617    -0.003216
19930616     0.02484     0.002599
19930617     0.00909     0.002481
19930618     0.00300    -0.010835
19930621     0.02695     0.005725
19930622     0.01749    -0.000650
19930623    -0.01433    -0.006144
19930624     0.00291     0.007739
19930625     0.00000     0.002194
19930628     0.02899     0.009495
19930629    -0.00845    -0.002567
19930630     0.01136    -0.000355
19930701    -0.01124    -0.003352
19930702    -0.00852    -0.007082
19930706     0.01146    -0.009891
19930707     0.01133     0.003172
19930708     0.05042     0.013120
19930709     0.01333    -0.001137
19930712    -0.01316     0.001897
19930713     0.00000    -0.001982
19930714     0.01333     0.004441
19930715     0.00526    -0.001911
19930716     0.00000    -0.007725
19930719     0.00000     0.000628
19930720     0.02356     0.002870
19930721    -0.01023    -0.000291
19930722    -0.01550    -0.005971
19930723    -0.01837     0.005827
19930726     0.01872     0.004451
19930727    -0.01312    -0.001893
19930728     0.00000    -0.002342
19930729     0.01064     0.006820
19930730     0.02105    -0.004686
19930802     0.02320     0.004508
19930803    -0.00756    -0.001955
19930804     0.00000    -0.001625
19930805    -0.01269    -0.000914
19930806    -0.01799     0.001227
19930809     0.02094     0.004547
19930810    -0.00513    -0.002818
19930811    -0.01031     0.002247
19930812    -0.01042    -0.003330
19930813    -0.03263     0.002628
19930816     0.02732     0.004976
19930817    -0.01064     0.001658
19930818    -0.04570     0.006422
19930819     0.02535     0.000855
19930820    -0.01923    -0.000592
19930823     0.01120    -0.002039
19930824     0.03601     0.009973
19930825     0.00000     0.000783
19930826     0.01872     0.001978
19930827    -0.01050    -0.001085
19930830    -0.00265     0.002953
19930831    -0.00266     0.003594
19930901    -0.00533    -0.000884
19930902    -0.02145    -0.003994
19930903    -0.01370     0.000087
19930907    -0.00556    -0.006113
19930908     0.00000    -0.004078
19930909     0.02793     0.001861
19930910     0.01630     0.009224
19930913     0.01604     0.000736
19930914    -0.03684    -0.004675
19930915     0.03279     0.003696
19930916    -0.00794    -0.004701
19930917    -0.02400    -0.001306
19930920     0.00273    -0.008238
19930921    -0.02180    -0.004615
19930922     0.01671     0.007175
19930923     0.01096     0.003376
19930924     0.00000    -0.000240
19930927    -0.01897     0.009112
19930928    -0.00552    -0.000585
19930929    -0.02500    -0.003077
19930930    -0.04843    -0.002565
19931001     0.01796     0.005142
19931004     0.00882     0.000108
19931005     0.00292    -0.000303
19931006     0.00000    -0.000997
19931007     0.02035    -0.003386
19931008    -0.00570     0.002461
19931011     0.00573     0.001238
19931012    -0.00285     0.000521
19931013    -0.00286     0.000802
19931014     0.02579     0.011571
19931015     0.00279     0.005719
19931018     0.03343    -0.002236
19931019    -0.01617    -0.004782
19931020     0.00000    -0.000300
19931021    -0.00822    -0.001523
19931022     0.01657    -0.004491
19931025    -0.02717     0.002007
19931026     0.01397     0.000215
19931027     0.03306     0.000668
19931028     0.04533     0.006715
19931029    -0.02806     0.000214
19931101     0.01312     0.002715
19931102     0.01554    -0.001407
19931103     0.00510    -0.011570
19931104    -0.01777    -0.011943
19931105    -0.00879     0.004547
19931108     0.01832     0.001393
19931109     0.00000     0.000261
19931110     0.05141     0.007364
19931111    -0.00733    -0.002329
19931112     0.00739     0.005944
19931115     0.00733    -0.003524
19931116     0.02427     0.006447
19931117     0.01896    -0.004135
19931118     0.01628    -0.002560
19931119    -0.00686    -0.002200
19931122    -0.02765    -0.007501
19931123     0.00000     0.004138
19931124     0.01896     0.002885
19931126     0.00233     0.001514
19931129     0.00928    -0.002505
19931130    -0.02989    -0.000238
19931201     0.00948     0.000217
19931202     0.00469     0.002641
19931203     0.02804     0.003844
19931206    -0.00455     0.003313
19931207    -0.00457     0.000708
19931208     0.01376    -0.001007
19931209     0.01357    -0.004525
19931210     0.00223    -0.000539
19931213     0.00000     0.003815
19931214    -0.02227    -0.005669
19931215    -0.00456    -0.002635
19931216     0.00229     0.003248
19931217     0.00000     0.006561
19931220    -0.00913    -0.001136
19931221     0.01152    -0.001181
19931222     0.01367     0.004341
19931223    -0.00674     0.000128
19931227     0.01810     0.006761
19931228     0.00889     0.000850
19931229    -0.01322    -0.000764
19931230    -0.00670    -0.004123
19931231    -0.01348    -0.004673
19940103     0.00911    -0.002165
19940104     0.02483     0.003115
19940105     0.00220     0.001414
19940106     0.00440    -0.000920
19940107     0.01313     0.005951
19940110     0.02376     0.011428
19940111     0.00422    -0.002399
19940112    -0.00420     0.000084
19940113     0.01688    -0.003585
19940114     0.01660     0.005164
19940117    -0.00816    -0.003390
19940118     0.02263     0.002007
19940119    -0.02012     0.000105
19940120    -0.01232     0.001434
19940121     0.01247    -0.000547
19940124    -0.01232    -0.005793
19940125    -0.01455    -0.002225
19940126    -0.01055     0.004842
19940127     0.02132     0.008136
19940128    -0.01044     0.003459
19940131     0.03376     0.006079
19940201    -0.00408    -0.004132
19940202     0.00820     0.004962
19940203     0.02439    -0.002676
19940204    -0.02183    -0.022675
19940207     0.02231     0.004151
19940208     0.02778    -0.001484
19940209    -0.00772     0.003630
19940210    -0.02724    -0.008122
19940211    -0.01880     0.002666
19940214     0.01022     0.000106
19940215    -0.00202     0.004870
19940216    -0.01014     0.000571
19940217    -0.01639    -0.005182
19940218    -0.00417    -0.005634
19940222     0.00000     0.008061
19940223     0.00209    -0.001633
19940224    -0.01461    -0.013661
19940225    -0.01271     0.003899
19940228     0.00000     0.002296
19940301    -0.00215    -0.005780
19940302     0.04086     0.000797
19940303     0.00000    -0.003873
19940304     0.02479     0.003736
19940307    -0.00806     0.004669
19940308     0.00813    -0.002206
19940309     0.01008     0.002533
19940310    -0.00599    -0.006766
19940311     0.01004     0.005475
19940314    -0.00199     0.002037
19940315    -0.01992    -0.000813
19940316     0.00407     0.005160
19940317    -0.02227     0.003153
19940318    -0.00828     0.000340
19940321    -0.00418    -0.005350
19940322     0.00000     0.000555
19940323     0.01468    -0.000555
19940324    -0.03512    -0.008943
19940325    -0.02570    -0.008119
19940328     0.00879    -0.001259
19940329    -0.02397    -0.016348
19940330    -0.03125    -0.015316
19940331    -0.00691     0.000494
19940404     0.02088    -0.015367
19940405     0.04091     0.021348
19940406     0.02620    -0.000535
19940407     0.02340     0.006316
19940408    -0.03950    -0.008384
19940411     0.00433     0.006195
19940412    -0.01078    -0.005113
19940413    -0.00654    -0.002927
19940414     0.01754     0.000269
19940415     0.00862    -0.000448
19940418    -0.02778    -0.008337
19940419    -0.02857     0.000181
19940420    -0.01131    -0.001311
19940421     0.01373     0.015318
19940422     0.00451    -0.002451
19940425     0.02921     0.011349
19940426    -0.00873    -0.001855
19940428     0.00000    -0.006130
19940429     0.00000     0.004030
19940502     0.00881     0.004679
19940503     0.00218     0.000022
19940504    -0.01089    -0.002892
19940505    -0.01982    -0.000753
19940506    -0.01213    -0.007887
19940509    -0.01598    -0.012282
19940510     0.03016     0.008342
19940511    -0.02252    -0.010134
19940512     0.00461     0.005119
19940513    -0.01835     0.000879
19940516    -0.00935     0.000788
19940517     0.02594     0.010979
19940518    -0.00460     0.009613
19940519     0.02079     0.006150
19940520     0.00226    -0.003417
19940523    -0.01580    -0.003781
19940524     0.00459     0.003553
19940525     0.00228     0.003364
19940526    -0.01139     0.001578
19940527     0.00000     0.000591
19940531    -0.00922    -0.001793
19940601     0.00233     0.002453
19940602    -0.00696     0.000044
19940603    -0.02804     0.005419
19940606    -0.01923    -0.002717
19940607    -0.01225    -0.001460
19940608     0.00248    -0.002510
19940609     0.00495     0.001750
19940610     0.01232     0.001769
19940613     0.01460     0.000937
19940614     0.02878     0.007123
19940615     0.00699    -0.003806
19940616    -0.00231     0.002866
19940617     0.00000    -0.007534
19940620    -0.01160    -0.006478
19940621    -0.02347    -0.009089
19940622     0.00721     0.003877
19940623    -0.03103    -0.007636
19940624    -0.00246    -0.015190
19940627     0.03210     0.010185
19940628    -0.02392    -0.002772
19940629    -0.01225     0.003497
19940630    -0.00248    -0.007506
19940701     0.00746     0.004344
19940705    -0.01728     0.000381
19940706    -0.00503    -0.000538
19940707     0.04545     0.005043
19940708    -0.00725     0.002609
19940711    -0.00730    -0.003314
19940712     0.01716    -0.000246
19940713     0.00482     0.001741
19940714     0.00240     0.010429
19940715    -0.00718     0.001654
19940718    -0.00241     0.002334
19940719    -0.00966    -0.002988
19940720    -0.00244    -0.004980
19940721    -0.01222     0.002236
19940722    -0.00495     0.001105
19940725    -0.00746     0.002516
19940726     0.01504    -0.001959
19940727    -0.01481    -0.001743
19940728     0.00752     0.003690
19940729     0.02239     0.008828
19940801     0.02920     0.006023
19940802     0.00236    -0.000976
19940803    -0.00236     0.001954
19940804    -0.04019    -0.006631
19940805    -0.00985    -0.002858
19940808     0.00249     0.001750
19940809    -0.00248     0.000066
19940810    -0.00249     0.005197
19940811    -0.00249    -0.003085
19940812     0.00650     0.006690
19940815    -0.00499    -0.001559
19940816     0.02256     0.008195
19940817     0.00000     0.000344
19940818    -0.02206    -0.004300
19940819    -0.01504     0.001101
19940822    -0.01527    -0.002955
19940823     0.00517     0.004759
19940824     0.04627     0.009731
19940825    -0.00983    -0.002025
19940826     0.02730     0.012220
19940829    -0.00725     0.001667
19940830     0.01217     0.003118
19940831    -0.03365    -0.001197
19940901     0.00249    -0.004900
19940902    -0.00496    -0.004607
19940906     0.04239     0.001847
19940907    -0.00718    -0.001844
19940908    -0.00964     0.004565
19940909    -0.01946    -0.010483
19940912    -0.00248    -0.004208
19940913    -0.00746     0.002810
19940914     0.00752     0.002738
19940915     0.02736     0.012820
19940916    -0.02179    -0.007624
19940919    -0.00495    -0.000722
19940920    -0.00995    -0.015907
19940921    -0.02261    -0.004100
19940922    -0.00771    -0.000412
19940923    -0.03368    -0.003469
19940926     0.00268     0.002502
19940927     0.01604     0.002669
19940928     0.00263     0.005973
19940929    -0.01837    -0.005551
19940930     0.00267     0.001038
19941003    -0.01333    -0.002096
19941004    -0.02432    -0.015485
19941005     0.01108    -0.002354
19941006    -0.03562    -0.002558
19941007    -0.00284     0.006057
19941010     0.03704     0.008657
19941011     0.03571     0.014705
19941012     0.00531    -0.000687
19941013    -0.00264     0.004984
19941014     0.00265     0.002800
19941017    -0.01583    -0.000298
19941018    -0.00268    -0.002772
19941019     0.00806     0.005602
19941020    -0.08000    -0.007294
19941021    -0.04348    -0.004198
19941024    -0.00606    -0.008733
19941025     0.00915     0.001497
19941026    -0.01511     0.002362
19941027    -0.01534     0.007004
19941028     0.00623     0.017001
19941031    -0.02167    -0.002997
19941101    -0.01899    -0.008320
19941102    -0.01290    -0.004078
19941103     0.02288     0.003001
19941104     0.00319    -0.012032
19941107    -0.01592     0.001687
19941108     0.00971     0.005593
19941109    -0.00321    -0.000494
19941110     0.00514    -0.002299
19941111     0.00000    -0.004307
19941114    -0.00322     0.007981
19941115     0.00645    -0.002167
19941116     0.01603     0.001269
19941117    -0.02839    -0.004403
19941118    -0.01948    -0.004530
19941121    -0.01325    -0.006891
19941122    -0.01678    -0.017914
19941123     0.03072    -0.000333
19941125     0.00993     0.005245
19941128     0.00656     0.004135
19941129     0.00000     0.002224
19941130    -0.00651    -0.003252
19941201    -0.01311    -0.010514
19941202     0.02658     0.009757
19941205     0.00971     0.000066
19941206     0.01282    -0.000485
19941207    -0.01899    -0.004149
19941208    -0.02903    -0.012809
19941209    -0.00997     0.003412
19941212    -0.00336     0.005593
19941213     0.01010     0.001513
19941214     0.01000     0.010708
19941215    -0.00330     0.000835
19941216     0.00331     0.007577
19941219     0.00330    -0.001940
19941220     0.00000    -0.001769
19941221    -0.00329     0.005491
19941222     0.03300     0.000152
19941223     0.05431     0.000326
19941227     0.01515     0.005741
19941228    -0.01493    -0.003481
19941229     0.02121     0.000673
19941230     0.00000    -0.004120
19950103    -0.00890    -0.000348
19950104     0.03593     0.003485
19950105    -0.00578    -0.000803
19950106     0.00581     0.000739
19950109    -0.00578     0.000326
19950110    -0.02326     0.001844
19950111     0.00000    -0.000022
19950112     0.00000    -0.000065
19950113     0.00893     0.009380
19950116    -0.01475     0.007318
19950117    -0.00898     0.001427
19950118    -0.03323    -0.000723
19950119     0.00625    -0.005876
19950120    -0.01863    -0.004647
19950123     0.00000     0.002238
19950124    -0.01899     0.000086
19950125     0.00968     0.003392
19950126    -0.03514     0.001883
19950127    -0.00662     0.004420
19950130    -0.00333    -0.003997
19950131     0.04013     0.004077
19950201     0.02251    -0.000043
19950202    -0.01258     0.005081
19950203     0.00000     0.012395
19950206     0.00318     0.005202
19950207     0.00000    -0.000686
19950208    -0.01587     0.000790
19950209     0.00968    -0.002078
19950210     0.02428     0.002645
19950213     0.00940     0.000395
19950214     0.00621     0.001869
19950215     0.02469     0.004124
19950216     0.00000     0.001403
19950217    -0.01205    -0.006698
19950221     0.00000     0.001556
19950222     0.01829     0.004868
19950223     0.02395     0.003793
19950224    -0.00585     0.002773
19950227    -0.00588    -0.009114
19950228     0.00888     0.007400
19950301    -0.04985    -0.003570
19950302    -0.01543    -0.001071
19950303     0.00000     0.000598
19950306    -0.01881     0.000433
19950307     0.00958    -0.007228
19950308     0.01899     0.002116
19950309     0.02484     0.000041
19950310     0.00909     0.013267
19950313     0.01201     0.000980
19950314    -0.01187     0.005795
19950315     0.00300    -0.002049
19950316     0.00299     0.007177
19950317    -0.01791     0.000222
19950320    -0.00912     0.001251
19950321     0.00000    -0.002157
19950322     0.00613     0.001212
19950323     0.01220     0.000565
19950324     0.02711     0.010122
19950327     0.02053     0.004451
19950328    -0.00862     0.001391
19950329     0.03188    -0.001548
19950330     0.00843    -0.001789
19950331    -0.01950    -0.003007
19950403     0.01420     0.002277
19950404    -0.02521     0.006755
19950405    -0.00575     0.000653
19950406    -0.00578     0.001009
19950407     0.01453     0.000672
19950410     0.01433     0.001165
19950411    -0.00282    -0.002919
19950412     0.00283     0.003244
19950413    -0.00847     0.004062
19950417     0.00000    -0.006088
19950418    -0.01994    -0.001502
19950419     0.02326    -0.000890
19950420    -0.00284     0.000733
19950421    -0.00570     0.006333
19950424     0.01146     0.008653
19950425     0.01133    -0.001540
19950426    -0.01961     0.001094
19950427    -0.00571     0.001736
19950428     0.03736     0.002259
19950501     0.00277    -0.000874
19950502    -0.01381     0.001167
19950503     0.00000     0.010916
19950504    -0.03081     0.000115
19950505    -0.01040    -0.000807
19950508     0.02353     0.007383
19950509     0.00575    -0.000763
19950510     0.05143     0.001528
19950511    -0.01630     0.000019
19950512     0.03039     0.002250
19950515     0.02949     0.004167
19950516    -0.01042     0.000853
19950517    -0.01316    -0.002120
19950518    -0.02667    -0.014211
19950519     0.01644    -0.000751
19950522     0.00270     0.008590
19950523     0.01613     0.009434
19950524    -0.01852     0.000038
19950525    -0.01348    -0.000038
19950526    -0.00273    -0.009346
19950530     0.01370    -0.000134
19950531     0.03784     0.018755
19950601    -0.00521     0.000169
19950602    -0.00785    -0.001837
19950605     0.01319     0.005803
19950606    -0.00260    -0.000093
19950607    -0.01044    -0.004519
19950608    -0.01055    -0.001463
19950609    -0.01067    -0.008284
19950612     0.00000     0.005569
19950613     0.00809     0.009739
19950614    -0.00267     0.000784
19950615    -0.00536     0.001212
19950616    -0.00539     0.005045
19950619     0.01355     0.009985
19950620     0.03209    -0.000440
19950621     0.00259    -0.001835
19950622    -0.00775     0.013034
19950623    -0.01302    -0.002468
19950626    -0.00264    -0.010151
19950627     0.01323    -0.003124
19950628     0.00000     0.004240
19950629     0.00261    -0.001579
19950630    -0.02344     0.001618
19950703     0.02133     0.004296
19950705     0.01828     0.000311
19950706     0.02051     0.012298
19950707     0.02513     0.004296
19950710     0.01471     0.001474
19950711    -0.02415    -0.004325
19950712     0.00248     0.011013
19950713     0.00000     0.000196
19950714     0.00988    -0.001979
19950717    -0.00733     0.005055
19950718    -0.02463    -0.007570
19950719    -0.01768    -0.013394
19950720     0.02057     0.004646
19950721     0.00504     0.000145
19950724    -0.00752     0.005437
19950725     0.03030     0.008030
19950726    -0.01961     0.000909
19950727    -0.00500     0.006428
19950728    -0.00754    -0.004052
19950731    -0.01266    -0.001545
19950801    -0.00769    -0.004306
19950802     0.00517    -0.001501
19950803    -0.00257    -0.000089
19950804    -0.00515     0.000340
19950807     0.00259     0.001950
19950808    -0.00775     0.000643
19950809     0.00000    -0.001213
19950810    -0.01042    -0.004038
19950811    -0.00789    -0.004198
19950814     0.02653     0.008341
19950815     0.00103    -0.002090
19950816     0.00519     0.002506
19950817    -0.02067    -0.001661
19950818    -0.00792     0.000304
19950821    -0.01330    -0.001967
19950822    -0.00809     0.002526
19950823     0.00000    -0.004254
19950824     0.00815     0.000574
19950825    -0.00809     0.004736
19950828    -0.01087    -0.001875
19950829     0.03846     0.001699
19950830    -0.01323     0.001643
19950831     0.01072     0.001711
19950901     0.02918     0.003488
19950905     0.01546     0.009453
19950906     0.00254     0.001757
19950907    -0.01266     0.000210
19950908     0.01026     0.004191
19950911     0.00254     0.002148
19950912    -0.03291     0.004530
19950913    -0.01571     0.003920
19950914     0.00532     0.008363
19950915     0.00529    -0.000446
19950918    -0.01053    -0.000994
19950919     0.00532     0.002454
19950920     0.01058     0.004399
19950921    -0.00262    -0.006425
19950922    -0.00787    -0.002178
19950925    -0.00529     0.000138
19950926    -0.01330    -0.000688
19950927     0.00809    -0.000636
19950928     0.00267     0.008313
19950929     0.00000    -0.002492
19951002    -0.00533    -0.004603
19951003    -0.02681     0.001066
19951004    -0.02204    -0.001494
19951005     0.01127     0.001995
19951006     0.01671    -0.000240
19951009    -0.03288    -0.007073
19951010     0.01700    -0.001470
19951011     0.00836     0.003359
19951012     0.03591     0.006282
19951013    -0.01333     0.002401
19951016     0.00541    -0.002515
19951017     0.00000     0.006432
19951018    -0.02419     0.001125
19951019    -0.00826     0.005464
19951020     0.00000    -0.005401
19951023    -0.01111    -0.004085
19951024     0.00281     0.002564
19951025    -0.01120    -0.006973
19951026    -0.00850    -0.009872
19951027     0.00571     0.005167
19951030     0.00284     0.006124
19951031    -0.00850    -0.003000
19951101    -0.00857     0.004678
19951102     0.02017     0.009414
19951103    -0.00847     0.001441
19951106     0.02279    -0.003573
19951107     0.01671    -0.003637
19951108    -0.01644     0.009193
19951109     0.01950     0.002620
19951110    -0.00273    -0.000910
19951113    -0.01370    -0.000709
19951114     0.01222    -0.005082
19951115     0.03039     0.007925
19951116    -0.01072     0.005691
19951117     0.01626     0.004570
19951120     0.01600    -0.005366
19951121     0.02887     0.005680
19951122     0.02041    -0.003065
19951124    -0.00750     0.002624
19951127    -0.01259     0.002250
19951128    -0.01276     0.008531
19951129     0.01550     0.001962
19951130    -0.01272    -0.003736
19951201     0.01804     0.002660
19951204     0.03797     0.011038
19951205    -0.00732     0.006518
19951206     0.00000     0.004047
19951207    -0.03194    -0.006466
19951208     0.00000     0.002126
19951211     0.01269     0.003304
19951212    -0.00251    -0.001194
19951213     0.00000     0.004703
19951214     0.00503    -0.007673
19951215     0.01000    -0.000940
19951218     0.00000    -0.015462
19951219     0.00000     0.008438
19951220     0.00743    -0.009789
19951221     0.02457     0.007509
19951222    -0.00240     0.002392
19951226    -0.00721     0.003840
19951227    -0.00969     0.000374
19951228    -0.00489    -0.000667
19951229     0.03931     0.002947
19960102    -0.01182     0.007793
19960103    -0.00718     0.000950
19960104    -0.01205    -0.005826
19960105    -0.01707    -0.001587
19960108     0.00496     0.002821
19960109    -0.02222    -0.014568
19960110    -0.02273    -0.018000
19960111     0.01550     0.007034
19960112     0.00254    -0.001460
19960115    -0.00254    -0.003307
19960116     0.00254     0.014371
19960117    -0.01015    -0.003402
19960118    -0.02564     0.003084
19960119    -0.00263     0.005902
19960122     0.05541     0.002566
19960123    -0.00250    -0.000994
19960124     0.00251     0.011701
19960125     0.01000    -0.004726
19960126     0.01238     0.007439
19960129     0.02200     0.004183
19960130     0.02632     0.009500
19960131    -0.01865     0.009315
19960201     0.01900     0.003836
19960202    -0.03030    -0.004088
19960205     0.01683     0.008776
19960206    -0.00709     0.007639
19960207     0.00476     0.005570
19960208    -0.02607     0.009447
19960209     0.01217     0.000457
19960212     0.01683     0.007740
19960213     0.00993    -0.001421
19960214    -0.00943    -0.007464
19960215    -0.04524    -0.006498
19960216     0.00998    -0.005128
19960220     0.00000    -0.011312
19960221    -0.00494     0.011629
19960222     0.02481     0.016602
19960223    -0.01453     0.000334
19960226     0.01966    -0.013079
19960227    -0.00723    -0.004950
19960228     0.00243    -0.003847
19960229    -0.00726    -0.006700
19960301     0.02683     0.006152
19960304    -0.00713     0.009994
19960305     0.00000     0.007652
19960306    -0.00239    -0.005779
19960307     0.00719     0.002531
19960308    -0.03095    -0.030827
19960311     0.03440     0.010292
19960312    -0.00475    -0.004578
19960313    -0.00955     0.002292
19960314     0.00964     0.003633
19960315    -0.00239     0.000874
19960318     0.01435     0.017492
19960319     0.02358    -0.001471
19960320    -0.01382    -0.002624
19960321     0.00234    -0.001215
19960322    -0.00466     0.002203
19960325     0.02108    -0.000891
19960326    -0.00229     0.004507
19960327    -0.02069    -0.006218
19960328     0.01643     0.000046
19960329    -0.01617    -0.005301
19960401     0.05399     0.012750
19960402    -0.00891     0.002340
19960403    -0.01124     0.000946
19960404     0.01136    -0.000030
19960408    -0.01798    -0.017717
19960409     0.00000    -0.003182
19960410     0.01373    -0.013532
19960411    -0.01129    -0.003662
19960412     0.01598     0.008761
19960415     0.01798     0.009078
19960416     0.01545     0.003907
19960417    -0.00217    -0.005256
19960418    -0.00654     0.003117
19960419    -0.00877     0.002268
19960422    -0.00885     0.004372
19960423     0.00446     0.005695
19960424    -0.00667    -0.002164
19960425    -0.00224     0.004153
19960426    -0.01570     0.000904
19960429    -0.00228     0.001071
19960430    -0.00913     0.000015
19960501     0.00461     0.000627
19960502     0.00229    -0.017110
19960503     0.00000    -0.002720
19960506    -0.00458    -0.001278
19960507    -0.00690    -0.003979
19960508    -0.00231     0.010200
19960509    -0.00696     0.001039
19960510    -0.01168     0.010303
19960513     0.00473     0.014446
19960514     0.03812     0.006183
19960515     0.00685    -0.000270
19960516     0.00680    -0.000857
19960517     0.01126     0.006107
19960520     0.00891     0.006339
19960521    -0.00221    -0.000579
19960522    -0.00221     0.008413
19960523    -0.00443    -0.003567
19960524    -0.01559     0.003713
19960528     0.01584    -0.009256
19960529    -0.01559    -0.006397
19960530     0.00452     0.005644
19960531    -0.00676    -0.003841
19960603     0.01814    -0.002152
19960604     0.00445     0.007309
19960605     0.00887     0.008743
19960606    -0.01099    -0.007974
19960607    -0.01556     0.000416
19960610     0.00451    -0.001708
19960611     0.00000    -0.001770
19960612     0.01348    -0.002876
19960613    -0.00665    -0.001674
19960614    -0.00446    -0.003099
19960617    -0.00224    -0.001036
19960618    -0.00674    -0.004661
19960619    -0.00226    -0.000151
19960620    -0.00680     0.000211
19960621     0.00228     0.007159
19960624    -0.00911     0.003014
19960625    -0.02299    -0.000553
19960626    -0.02118    -0.006118
19960627     0.01202     0.006261
19960628    -0.00475     0.003111
19960701     0.03819     0.007828
19960702    -0.01149    -0.003359
19960703    -0.03023    -0.001796
19960705    -0.03837    -0.022249
19960708    -0.00499    -0.007453
19960709     0.00251     0.003387
19960710     0.01250     0.002001
19960711    -0.02716    -0.015837
19960712    -0.02030     0.000805
19960715    -0.02591    -0.025364
19960716     0.00000    -0.002271
19960717     0.04255     0.009071
19960718     0.00000     0.014967
19960719    -0.01786    -0.007505
19960722     0.01299    -0.007765
19960723    -0.01795    -0.010887
19960724    -0.02611    -0.000351
19960725     0.01877     0.007213
19960726     0.00526     0.007494
19960729    -0.01047    -0.007847
19960730     0.02116     0.006895
19960731     0.01036     0.007383
19960801     0.03077     0.015736
19960802     0.00498     0.019184
19960805     0.00743    -0.003411
19960806     0.00246     0.003256
19960807    -0.00980     0.002687
19960808     0.00743    -0.002364
19960809     0.01966    -0.000740
19960812     0.02169     0.005543
19960813    -0.00660    -0.008366
19960814    -0.00718     0.002802
19960815     0.00723     0.000347
19960816     0.00000     0.004424
19960819    -0.01675     0.002060
19960820    -0.00243    -0.001335
19960821    -0.00244    -0.000931
19960822     0.00733     0.008435
19960823    -0.00728    -0.005442
19960826    -0.00978    -0.004722
19960827    -0.01235     0.003796
19960828    -0.00750    -0.002386
19960829    -0.00504    -0.011146
19960830     0.00506    -0.008229
19960903     0.00252     0.004187
19960904    -0.01759     0.001359
19960905    -0.01790    -0.009411
19960906    -0.00521     0.009608
19960909     0.01047     0.012323
19960910    -0.00777     0.000075
19960911    -0.00261     0.005227
19960912     0.01047     0.005800
19960913     0.02073     0.013991
19960916     0.00761     0.005055
19960917     0.01008    -0.001521
19960918    -0.00249    -0.002152
19960919    -0.02750     0.002245
19960920     0.01028     0.005886
19960923    -0.01018    -0.000786
19960924    -0.00514    -0.001267
19960925    -0.01809     0.000321
19960926     0.00000     0.000044
19960927    -0.00526     0.000481
19960930     0.01587     0.001632
19961001     0.02865     0.002575
19961002     0.01013     0.007154
19961003    -0.00752    -0.001772
19961004    -0.00758     0.012529
19961007     0.00254     0.002737
19961008     0.01523    -0.003895
19961009     0.01000    -0.005566
19961010    -0.01238    -0.003057
19961011     0.00501     0.008710
19961014     0.03491     0.004110
19961015     0.00482    -0.001379
19961016     0.01199     0.002619
19961017     0.00948     0.003663
19961018    -0.00235     0.005417
19961021     0.01412    -0.001365
19961022     0.01392    -0.004621
19961023    -0.00686     0.000991
19961024     0.00000    -0.007041
19961025    -0.00461    -0.001951
19961028    -0.00231    -0.005222
19961029     0.00232     0.006081
19961030    -0.01389    -0.000855
19961031     0.00704     0.006235
19961101     0.00699    -0.002127
19961104     0.03009     0.004206
19961105     0.00000     0.010485
19961106    -0.00449     0.014633
19961107    -0.00903     0.004223
19961108     0.01139     0.004356
19961111    -0.00901     0.001437
19961112     0.00955    -0.003156
19961113    -0.00227     0.002152
19961114     0.01136     0.006497
19961115    -0.00225     0.002365
19961118     0.00225    -0.000813
19961119    -0.01798     0.006974
19961120     0.04577     0.002412
19961121     0.00000    -0.001613
19961122     0.00656     0.008051
19961125     0.01304     0.011085
19961126     0.00215    -0.001413
19961127    -0.02355    -0.001270
19961129     0.01096     0.002675
19961202     0.00434    -0.000608
19961203     0.00864    -0.010944
19961204     0.00000    -0.004250
19961205     0.00642    -0.000966
19961206    -0.03830    -0.006421
19961209     0.04425     0.013737
19961210    -0.00424    -0.002961
19961211    -0.01702    -0.009110
19961212    -0.01515    -0.015431
19961213    -0.00659    -0.000905
19961216    -0.01770    -0.010513
19961217     0.00676     0.007018
19961218    -0.02461     0.007575
19961219    -0.00229     0.019438
19961220     0.01149     0.004170
19961223     0.01136    -0.002604
19961224    -0.00674     0.005503
19961226     0.01357     0.006378
19961227    -0.00670     0.001283
19961230     0.00000    -0.003885
19961231     0.00225    -0.017391
19970102     0.04933    -0.005036
19970103    -0.01068     0.014952
19970106     0.02376    -0.000508
19970107     0.00000     0.007463
19970108    -0.00211    -0.006399
19970109     0.00211     0.008605
19970110     0.03165     0.006160
19970113    -0.01636     0.000013
19970114     0.01455     0.012311
19970115    -0.01434    -0.002159
19970116     0.00832     0.003324
19970117    -0.00825     0.008340
19970120     0.01040     0.000683
19970121     0.02058     0.007751
19970122    -0.00202     0.004484
19970123     0.00000    -0.011027
19970124     0.01010    -0.009054
19970127    -0.01000    -0.007138
19970128    -0.01818     0.000000
19970129     0.00206     0.009778
19970130    -0.01232     0.015107
19970131    -0.01871     0.002538
19970203    -0.01059     0.000725
19970204    -0.00857     0.003216
19970205    -0.00218    -0.013912
19970206    -0.01747     0.002403
19970207     0.00889     0.012062
19970210    -0.00661    -0.005231
19970211     0.00665     0.005296
19970212     0.01542     0.016692
19970213     0.02820     0.011273
19970214    -0.00844    -0.004114
19970218     0.00426     0.009660
19970219    -0.02119    -0.004655
19970220     0.00433    -0.011926
19970221     0.00862    -0.001283
19970224     0.00855     0.010614
19970225     0.01059     0.002246
19970226    -0.01468    -0.007905
19970227    -0.01702    -0.013169
19970228     0.00216    -0.005345
19970303     0.02376     0.005678
19970304    -0.03376    -0.005482
19970305    -0.00655     0.013958
19970306    -0.01319    -0.004277
19970307     0.00891     0.008027
19970310     0.01104     0.010783
19970311     0.00437    -0.002839
19970312     0.00435    -0.008726
19970313    -0.01082    -0.018278
19970314     0.01532     0.004572
19970317     0.00216     0.003202
19970318    -0.02366    -0.007603
19970319    -0.01101    -0.004926
19970320     0.00000    -0.003971
19970321     0.01559     0.001853
19970324     0.01535     0.008660
19970325    -0.01512    -0.002301
19970326    -0.01974     0.001812
19970327     0.00671    -0.021025
19970331    -0.01556    -0.021657
19970401    -0.00451     0.003328
19970402    -0.01361    -0.012545
19970403     0.00000     0.000280
19970404    -0.00690     0.010102
19970407     0.00000     0.005581
19970408     0.01157     0.005235
19970409    -0.00229    -0.007205
19970410     0.00000    -0.002971
19970411    -0.02752    -0.027283
19970414     0.01179     0.008242
19970415     0.01166     0.014777
19970416     0.03917     0.011673
19970417     0.00000    -0.002305
19970418    -0.00222     0.005999
19970421     0.00444    -0.007790
19970422     0.00000     0.018728
19970423    -0.00221    -0.001252
19970424    -0.01552    -0.003180
19970425    -0.01126    -0.007534
19970428     0.00683     0.009917
19970429     0.03846     0.027285
19970430     0.00871     0.009181
19970501    -0.00648    -0.003507
19970502    -0.00870     0.018083
19970505     0.01096     0.021243
19970506     0.01735    -0.002987
19970507    -0.01919    -0.014666
19970508    -0.01304     0.005689
19970509     0.01982     0.005510
19970512     0.01512     0.015616
19970513    -0.02553    -0.005408
19970514    -0.01322     0.003493
19970515     0.00000     0.006985
19970516    -0.00893    -0.014408
19970519     0.00676     0.004242
19970520     0.02908     0.010069
19970521    -0.01739    -0.002745
19970522     0.00221    -0.004396
19970523     0.01545     0.013606
19970527     0.00870     0.003164
19970528    -0.00431    -0.002942
19970529    -0.01732    -0.003694
19970530     0.01101     0.004976
19970602    -0.00654    -0.002263
19970603    -0.00219    -0.001040
19970604    -0.00440    -0.006351
19970605     0.00221     0.003952
19970606    -0.00220     0.017287
19970609     0.00883     0.005711
19970610     0.01094     0.002735
19970611    -0.00649     0.004970
19970612    -0.00871     0.015996
19970613     0.00659     0.011081
19970616     0.00437     0.000705
19970617    -0.00870     0.000593
19970618    -0.00439    -0.006004
19970619    -0.01322     0.010044
19970620    -0.00670     0.000791
19970623    -0.00674    -0.022343
19970624     0.02715     0.020168
19970625    -0.01322    -0.008200
19970626    -0.01116    -0.005973
19970627     0.00790     0.004097
19970630    -0.00112    -0.002434
19970701     0.01121     0.006654
19970702     0.00887     0.014590
19970703     0.00110     0.014258
19970707    -0.00768    -0.005148
19970708     0.00332     0.007180
19970709    -0.01544    -0.012201
19970710     0.00672     0.006876
19970711    -0.02113     0.003174
19970714     0.00455     0.001855
19970715    -0.01810     0.008036
19970716     0.00230     0.011699
19970717     0.01494    -0.005317
19970718    -0.00340    -0.017507
19970721     0.01818    -0.002578
19970722     0.03125     0.023046
19970723     0.02165     0.002762
19970724    -0.01059     0.003972
19970725    -0.02570    -0.001585
19970728     0.02857    -0.002493
19970729     0.01603     0.006236
19970730     0.00736     0.010612
19970731     0.03340     0.002100
19970801     0.04141    -0.007492
19970804    -0.02813     0.003336
19970805     0.00599     0.002178
19970806     0.01190     0.008348
19970807     0.00294    -0.009507
19970808    -0.01857    -0.018556
19970811    -0.02191     0.003706
19970812    -0.00204    -0.011174
19970813     0.00412    -0.004868
19970814    -0.00102     0.002983
19970815    -0.02051    -0.025909
19970818     0.02199     0.012966
19970819     0.03484     0.014817
19970820     0.00495     0.014406
19970821    -0.00197    -0.015223
19970822     0.02369    -0.001632
19970825     0.02122    -0.003660
19970826    -0.01794    -0.007760
19970827    -0.01250     0.000745
19970828    -0.00682    -0.010977
19970829    -0.01569    -0.004648
19970902     0.03984     0.031252
19970903     0.00000     0.000291
19970904     0.00383     0.003255
19970905     0.00763    -0.001955
19970908    -0.00473     0.002314
19970909     0.02093     0.002599
19970910     0.00093    -0.015627
19970911    -0.01117    -0.007007
19970912     0.00188     0.012404
19970915     0.02256    -0.004481
19970916     0.01287     0.028127
19970917    -0.00726    -0.002792
19970918     0.00457     0.004549
19970919     0.01274     0.003399
19970922    -0.02830     0.005176
19970923    -0.01618    -0.003663
19970924    -0.00752    -0.007826
19970925    -0.01326    -0.006956
19970926     0.01344     0.007794
19970929     0.01231     0.008591
19970930     0.00187    -0.006357
19971001     0.01494     0.008582
19971002     0.00368     0.005286
19971003    -0.00550     0.004758
19971006     0.01014     0.007938
19971007    -0.00091     0.010723
19971008    -0.00183    -0.009439
19971009     0.01464    -0.003306
19971010     0.00992    -0.003750
19971013     0.02054     0.001158
19971014    -0.01487     0.002252
19971015     0.00089    -0.004700
19971016    -0.00621    -0.010842
19971017    -0.00714    -0.011610
19971020     0.00540     0.012127
19971021     0.02057     0.017444
19971022     0.00088    -0.003898
19971023    -0.01576    -0.018379
19971024    -0.03114    -0.009519
19971027    -0.05969    -0.068667
19971028     0.04492     0.051164
19971029     0.01682    -0.002918
19971030    -0.02941    -0.016841
19971031    -0.02746     0.012106
19971103     0.04576     0.026645
19971104    -0.00652     0.001885
19971105     0.00094     0.002126
19971106    -0.00375    -0.005017
19971107    -0.02632    -0.011215
19971110     0.01834    -0.006879
19971111    -0.02770     0.002877
19971112    -0.01277    -0.019290
19971113    -0.00896     0.011811
19971114    -0.01606     0.012753
19971117     0.02143     0.019228
19971118    -0.01898    -0.008423
19971119    -0.00305     0.006779
19971120     0.00613     0.015234
19971121     0.00812     0.004286
19971124    -0.01712    -0.017049
19971125    -0.00512     0.004384
19971126    -0.00927     0.000862
19971128     0.01351     0.003951
19971201     0.01333     0.020274
19971202     0.00405    -0.003170
19971203    -0.01613     0.005238
19971204     0.00922    -0.003757
19971205     0.02741     0.010986
19971208     0.00889    -0.001443
19971209    -0.00784    -0.006708
19971210     0.01678    -0.006139
19971211    -0.01748    -0.015313
19971212    -0.01186    -0.001623
19971215     0.02100     0.010489
19971216     0.01371     0.004827
19971217    -0.00483    -0.002583
19971218    -0.01262    -0.010605
19971219    -0.02218    -0.008919
19971222     0.02241     0.007309
19971223    -0.00835    -0.015288
19971224    -0.00737    -0.006836
19971226     0.00636     0.004031
19971229     0.00843     0.018047
19971230     0.02403     0.018335
19971231    -0.00816    -0.000422
19980102     0.00412     0.004750
19980105    -0.00717     0.002082
19980106    -0.01961    -0.010736
19980107    -0.00105    -0.002669
19980108    -0.03688    -0.008257
19980109    -0.01422    -0.029654
19980112     0.00777     0.012418
19980113     0.02203     0.013746
19980114     0.01078     0.006113
19980115    -0.00213    -0.007527
19980116    -0.01709     0.011339
19980120     0.02609     0.017774
19980121    -0.00742    -0.007960
19980122    -0.02028    -0.008004
19980123    -0.00545    -0.005670
19980126     0.00110    -0.000658
19980127     0.00438     0.012613
19980128     0.03268     0.008710
19980129     0.01477     0.008215
19980130    -0.03638    -0.005287
19980202     0.04423     0.021412
19980203     0.00723     0.004714
19980204     0.01538     0.000905
19980205    -0.03030    -0.003337
19980206     0.00938     0.008889
19980209     0.03922    -0.001699
19980210     0.00298     0.008182
19980211     0.00495     0.000981
19980212    -0.00296     0.004049
19980213     0.00296    -0.003955
19980217     0.03054     0.002617
19980218     0.01060     0.009113
19980219     0.00191    -0.003682
19980220     0.00666     0.005767
19980223     0.00284     0.003800
19980224     0.03299    -0.007302
19980225     0.00091     0.011974
19980226    -0.00456     0.005533
19980227     0.01007     0.000639
19980302     0.02811    -0.001563
19980303    -0.00441     0.004123
19980304     0.03454    -0.004458
19980305    -0.00942    -0.011735
19980306     0.02679     0.019951
19980309    -0.02104    -0.003202
19980310     0.00172     0.011346
19980311     0.00429     0.003965
19980312    -0.01538     0.001357
19980313    -0.00174    -0.001224
19980316    -0.00783     0.009976
19980317     0.00964     0.001093
19980318    -0.00955     0.004692
19980319    -0.01753     0.003888
19980320     0.01070     0.008644
19980323    -0.01412    -0.003284
19980324     0.00985     0.009219
19980325    -0.01596    -0.003374
19980326    -0.01441    -0.001016
19980327    -0.00091    -0.004869
19980330    -0.00091    -0.001725
19980331    -0.00733     0.007499
19980401    -0.00554     0.005809
19980402     0.00093     0.010703
19980403     0.00093     0.002402
19980406    -0.00370    -0.001167
19980407    -0.00651    -0.010558
19980408    -0.00374    -0.007120
19980409     0.01315     0.008188
19980413     0.00185    -0.000882
19980414     0.03608     0.005461
19980415     0.01607     0.003200
19980416    -0.01406    -0.009961
19980417    -0.01693     0.013130
19980420     0.01179     0.000828
19980421     0.00000     0.002688
19980422     0.00179     0.003435
19980423    -0.02236    -0.009694
19980424    -0.01189    -0.010432
19980427     0.00648    -0.019280
19980428    -0.00460    -0.001316
19980429     0.00370     0.008764
19980430    -0.00737     0.015649
19980501     0.01763     0.008320
19980504     0.01914     0.000955
19980505    -0.02057    -0.005855
19980506    -0.00731    -0.009485
19980507    -0.01564    -0.008851
19980508     0.02710     0.011871
19980511     0.03913    -0.001354
19980512     0.03152     0.008268
19980513     0.02650     0.002751
19980514     0.00000    -0.001332
19980515    -0.01582    -0.007732
19980518    -0.00338    -0.002625
19980519    -0.01273     0.003346
19980520     0.00946     0.008598
19980521     0.01278    -0.003950
19980522     0.02271    -0.003741
19980526    -0.02385    -0.014814
19980527    -0.00927    -0.001636
19980528    -0.00425     0.004907
19980529    -0.01793    -0.006168
19980601    -0.01043     0.000147
19980602     0.02636     0.002053
19980603     0.02911    -0.009596
19980604     0.00416     0.011175
19980605    -0.00249     0.017382
19980608    -0.01661     0.001670
19980609    -0.01098     0.002411
19980610    -0.00683    -0.005481
19980611    -0.03353    -0.015913
19980612    -0.00534     0.003892
19980615    -0.02147    -0.019866
19980616     0.00731     0.009823
19980617     0.01270     0.017939
19980618    -0.00269    -0.000659
19980619    -0.02965    -0.005170
19980622     0.00833     0.002326
19980623    -0.00092     0.014757
19980624    -0.00276     0.011961
19980625     0.00092    -0.003178
19980626    -0.01473     0.003471
19980629     0.02056     0.004668
19980630    -0.02106    -0.004084
19980701     0.02526     0.012982
19980702     0.00547    -0.001863
19980706     0.02904     0.009499
19980707    -0.01499    -0.002290
19980708     0.04834     0.010142
19980709    -0.02733    -0.006696
19980710     0.00000     0.004980
19980713    -0.03248     0.000739
19980714     0.01089     0.010633
19980715     0.00269    -0.002352
19980716     0.00448     0.007814
19980717    -0.00357     0.002331
19980720    -0.01073    -0.002233
19980721     0.00633    -0.016071
19980722     0.03324    -0.000850
19980723    -0.02000    -0.020901
19980724     0.00887     0.000921
19980727     0.02902     0.005671
19980728     0.01538    -0.014844
19980729    -0.00168    -0.004450
19980730    -0.01265     0.015766
19980731    -0.01196    -0.019493
19980803    -0.01642    -0.007344
19980804    -0.02285    -0.036245
19980805    -0.01619     0.008684
19980806     0.02742     0.007583
19980807     0.01157    -0.000165
19980810     0.00000    -0.005792
19980811    -0.02199    -0.013073
19980812     0.00906     0.014257
19980813    -0.00808    -0.008587
19980814    -0.01810    -0.011313
19980817     0.00276     0.019685
19980818     0.01103     0.016177
19980819    -0.00273    -0.002851
19980820    -0.03008    -0.005883
19980821    -0.02068    -0.009546
19980824    -0.02303     0.006437
19980825     0.01375     0.004338
19980826    -0.00969    -0.007933
19980827    -0.04892    -0.038370
19980828     0.00514    -0.014819
19980831    -0.04811    -0.068014
19980901     0.01505     0.038609
19980902     0.00106    -0.003782
19980903    -0.03175    -0.008299
19980904    -0.01530    -0.008521
19980908     0.04329     0.050899
19980909    -0.02021    -0.016864
19980910    -0.03583    -0.025850
19980911     0.01689     0.029453
19980914     0.05316     0.020475
19980915    -0.00946     0.007730
19980916    -0.00106     0.007517
19980917    -0.02338    -0.025452
19980918    -0.00653     0.001197
19980921    -0.00219     0.003725
19980922     0.00110     0.005606
19980923     0.03070     0.035411
19980924    -0.02553    -0.021921
19980925     0.02183     0.001947
19980928     0.01709     0.003771
19980929    -0.02521     0.000315
19980930    -0.05388    -0.030514
19981001    -0.01253    -0.030108
19981002     0.01499     0.016434
19981005    -0.02273    -0.014004
19981006    -0.04651    -0.004016
19981007     0.00244    -0.014128
19981008    -0.02190    -0.011580
19981009     0.01244     0.026005
19981012     0.02088     0.013531
19981013    -0.01685    -0.002917
19981014     0.02203     0.010786
19981015     0.07425     0.041739
19981016     0.05128     0.008516
19981019     0.01379     0.005651
19981020     0.03138     0.001450
19981021    -0.01116     0.005630
19981022     0.00923     0.008001
19981023    -0.01931    -0.007242
19981026     0.00725     0.001541
19981027     0.01955    -0.006509
19981028     0.00807     0.002581
19981029    -0.02002     0.016703
19981030     0.03269     0.011732
19981102     0.03165     0.011769
19981103    -0.00671    -0.000684
19981104     0.03475     0.007049
19981105    -0.00373     0.013570
19981106     0.00468     0.006315
19981109    -0.00839    -0.009474
19981110     0.01894    -0.001717
19981111     0.00836    -0.006461
19981112    -0.01198    -0.002926
19981113     0.04851     0.007184
19981116     0.03648     0.009008
19981117     0.00429     0.003046
19981118    -0.00598     0.004529
19981119    -0.00172     0.007104
19981120    -0.00947     0.009492
19981123     0.02087     0.021194
19981124    -0.00681    -0.004393
19981125    -0.01286     0.003280
19981127    -0.00695     0.004567
19981130    -0.02187    -0.024038
19981201     0.02683     0.010012
19981202    -0.01916    -0.003429
19981203    -0.03375    -0.018023
19981204     0.02206     0.023128
19981207     0.00000     0.009314
19981208    -0.00450    -0.005321
19981209    -0.00181     0.001786
19981210     0.00000    -0.015606
19981211    -0.00271     0.001236
19981214    -0.04537    -0.021655
19981215     0.02186     0.018954
19981216     0.04186    -0.000765
19981217     0.02857     0.015526
19981218    -0.00694     0.006822
19981221     0.03059     0.012466
19981222     0.00254     0.000607
19981223    -0.01861     0.020747
19981224     0.01293    -0.001848
19981228    -0.01191    -0.000636
19981229     0.01292     0.013317
19981230    -0.00765    -0.007956
19981231    -0.01885    -0.002192
19990104    -0.00961    -0.000919
19990105     0.05291     0.013582
19990106     0.04606     0.022140
19990107    -0.00641    -0.002051
19990108     0.03223     0.004221
19990111     0.07494    -0.008792
19990112    -0.03558    -0.019282
19990113    -0.01581    -0.004123
19990114    -0.00842    -0.017993
19990115     0.02855     0.025631
19990119     0.05626     0.007030
19990120     0.01065     0.003690
19990121     0.01124    -0.017078
19990122     0.00903    -0.008072
19990125    -0.01102     0.007174
19990126     0.01671     0.014854
19990127     0.02329    -0.007299
19990128    -0.01406     0.017858
19990129    -0.02512     0.011277
19990201     0.04039    -0.005189
19990202    -0.03681    -0.008649
19990203     0.00000     0.007987
19990204    -0.02655    -0.018537
19990205    -0.01292    -0.007281
19990208     0.00000     0.003526
19990209    -0.01455    -0.022215
19990210     0.00074     0.006093
19990211     0.01180     0.024919
19990212    -0.02259    -0.019066
19990216    -0.00895     0.009544
19990217    -0.00602    -0.014365
19990218     0.03634     0.010825
19990219    -0.00146     0.001568
19990222     0.02414     0.026565
19990223    -0.02214    -0.000755
19990224    -0.00657    -0.013979
19990225    -0.01618    -0.006694
19990226    -0.01271    -0.005373
19990301     0.00681    -0.001752
19990302    -0.00526    -0.008623
19990303     0.00227     0.001795
19990304     0.03469     0.015427
19990305     0.03353     0.023126
19990308    -0.01128     0.005692
19990309     0.00927    -0.002253
19990310    -0.00636     0.005469
19990311     0.02119     0.008424
19990312    -0.00767    -0.002381
19990315     0.00632     0.009787
19990316    -0.00488    -0.000673
19990317    -0.00210    -0.006552
19990318     0.00632     0.014432
19990319     0.00349    -0.013110
19990322     0.00487    -0.001755
19990323    -0.05194    -0.026885
19990324     0.00073     0.005110
19990325     0.01825     0.016869
19990326     0.00860    -0.005574
19990329    -0.00498     0.021336
19990330    -0.00143    -0.007190
19990331    -0.00429    -0.011055
19990401    -0.01796     0.005714
19990405     0.02487     0.021179
19990406     0.03997    -0.002445
19990407    -0.04804     0.006829
19990408     0.01370     0.012880
19990409    -0.02560     0.003252
19990412     0.02920     0.007632
19990413     0.02624    -0.006492
19990414    -0.00760    -0.015839
19990415    -0.03552    -0.004200
19990416     0.01588    -0.002918
19990419     0.02345    -0.022381
19990420    -0.03125     0.012943
19990421     0.02151     0.022930
19990422    -0.00421     0.016989
19990423     0.00493    -0.001450
19990426    -0.00281     0.002351
19990427    -0.00422     0.002029
19990428    -0.00212    -0.008725
19990429     0.01911    -0.005981
19990430    -0.01042    -0.005697
19990503     0.05263     0.014567
19990504    -0.05067    -0.016706
19990505    -0.02317     0.011494
19990506    -0.01797    -0.011326
19990507     0.01464     0.009722
19990510    -0.01227    -0.003494
19990511     0.00219     0.011423
19990512     0.03061     0.006189
19990513    -0.02687     0.002610
19990514    -0.03343    -0.021761
19990517    -0.03383     0.001263
19990518     0.00856    -0.004606
19990519    -0.01620     0.008183
19990520     0.00549    -0.004017
19990521     0.03978    -0.006379
19990524    -0.00225    -0.017771
19990525     0.01805    -0.017028
19990526     0.00295     0.015852
19990527    -0.02356    -0.017896
19990528    -0.00191     0.015943
19990601     0.02446    -0.005823
19990602    -0.00884     0.000425
19990603    -0.00892     0.003653
19990604    -0.01530     0.021708
19990607     0.01097     0.005099
19990608    -0.01989    -0.012881
19990609    -0.04797     0.000994
19990610     0.00291    -0.011997
19990611    -0.01449    -0.007046
19990614    -0.00882     0.000278
19990615    -0.02572     0.005533
19990616     0.04670     0.022480
19990617    -0.00485     0.007133
19990618    -0.02047     0.002194
19990621     0.01493     0.004587
19990622    -0.00196    -0.009726
19990623    -0.02750    -0.002111
19990624     0.02020    -0.012963
19990625     0.00594    -0.000357
19990628    -0.00098     0.012195
19990629     0.01084     0.015097
19990630     0.02924     0.015731
19990701     0.02462     0.006010
19990702     0.01479     0.007430
19990706     0.04463    -0.002228
19990707    -0.02354     0.005576
19990708    -0.03214    -0.001032
19990709    -0.02399     0.006354
19990712     0.03875    -0.002979
19990713    -0.01365    -0.003960
19990714     0.00092     0.003308
19990715     0.00369     0.008189
19990716     0.01469     0.006498
19990719    -0.01086    -0.007845
19990720    -0.02653    -0.021703
19990721     0.00000     0.001590
19990722    -0.01222    -0.013282
19990723    -0.00095    -0.002961
19990726     0.00476    -0.006765
19990727     0.00284     0.011189
19990728    -0.00567     0.001878
19990729    -0.02757    -0.017848
19990730    -0.04399    -0.009180
19990802     0.01227    -0.000504
19990803     0.01919    -0.004420
19990804    -0.00396    -0.012744
19990805    -0.02886     0.006420
19990806    -0.01230    -0.010215
19990809     0.03734    -0.001915
19990810    -0.01900    -0.012614
19990811     0.01953     0.015998
19990812    -0.02319    -0.002896
19990813     0.05986     0.022740
19990816    -0.03895     0.002327
19990817     0.01520     0.010062
19990818     0.00100    -0.008422
19990819     0.00698    -0.006940
19990820     0.00000     0.009837
19990823     0.01980     0.017664
19990824     0.00291     0.002411
19990825     0.02033     0.013414
19990826     0.01803    -0.014315
19990827    -0.01678    -0.010088
19990830    -0.01517    -0.017986
19990831     0.02021    -0.002727
19990901     0.00849     0.008073
19990902    -0.02526    -0.008985
19990903     0.02111     0.028906
19990907    -0.01504    -0.005003
19990908    -0.01050    -0.004665
19990909    -0.00771     0.002611
19990910     0.00777     0.002968
19990913     0.00868    -0.005571
19990914    -0.00478    -0.005833
19990915    -0.01921    -0.013710
19990916     0.02155     0.000387
19990917    -0.00192     0.012848
19990920    -0.00096     0.000082
19990921    -0.02596    -0.020928
19990922    -0.00296     0.002241
19990923    -0.00594    -0.022968
19990924    -0.01096    -0.002382
19990927     0.00705     0.004658
19990928    -0.01300    -0.000865
19990929     0.01418    -0.010786
19990930     0.00599     0.011306
19991001    -0.01092     0.000078
19991004     0.03112     0.016986
19991005     0.01850    -0.002491
19991006     0.00574     0.018481
19991007    -0.00190    -0.005855
19991008     0.02571     0.013949
19991011    -0.00464    -0.000606
19991012    -0.01493    -0.016604
19991013    -0.01326    -0.020936
19991014    -0.00192    -0.001657
19991015    -0.04423    -0.028058
19991018     0.02314     0.005387
19991019     0.00295     0.005733
19991020     0.02157     0.022286
19991021     0.00384    -0.004514
19991022     0.00669     0.014054
19991025    -0.01140    -0.006161
19991026     0.00192    -0.009060
19991027     0.02397     0.011545
19991028     0.01685     0.035266
19991029     0.03775     0.015263
19991101    -0.02396    -0.006464
19991102    -0.00545    -0.004712
19991103     0.00091     0.005335
19991104     0.01187     0.005690
19991105    -0.00542     0.005570
19991108     0.00998     0.004948
19991109     0.00271    -0.008518
19991110     0.02437     0.005991
19991111    -0.01586     0.005825
19991112     0.02059     0.010569
19991115     0.01491    -0.001196
19991116     0.00259     0.018417
19991117    -0.01983    -0.006591
19991118    -0.01759     0.010087
19991119    -0.00090    -0.002063
19991122     0.04659    -0.000745
19991123    -0.00086    -0.011471
19991124    -0.02228     0.008856
19991126     0.00088    -0.000325
19991129     0.04116    -0.006205
19991130    -0.03112    -0.013439
19991201     0.00608     0.006343
19991202    -0.00431     0.008099
19991203     0.05026     0.017217
19991206     0.00990    -0.006956
19991207    -0.05065    -0.009949
19991208     0.00516    -0.003754
19991209    -0.00428     0.003013
19991210    -0.00946     0.006342
19991213    -0.01215    -0.001284
19991214    -0.01054    -0.008515
19991215     0.01243     0.007234
19991216     0.01754     0.003863
19991217    -0.02069     0.001586
19991220     0.02465    -0.002069
19991221    -0.02921     0.010817
19991222     0.01062     0.001884
19991223     0.02014     0.015465
19991227    -0.02833    -0.000850
19991228     0.02562     0.000384
19991229     0.00000     0.003979
19991230     0.00086     0.000690
19991231     0.00086     0.003264
20000103     0.02666    -0.009549
20000104    -0.04020    -0.038345
20000105     0.00000     0.001922
20000106    -0.00087     0.000956
20000107     0.04541     0.027090
20000110     0.00919     0.011190
20000111    -0.03394    -0.013063
20000112     0.04713    -0.004386
20000113     0.00000     0.012170
20000114     0.07692     0.010671
20000118     0.00912    -0.006832
20000119    -0.01807     0.000522
20000120     0.00920    -0.007095
20000121    -0.00380    -0.002912
20000124    -0.02593    -0.027634
20000125    -0.02349     0.006065
20000126     0.00802    -0.004213
20000127     0.05489    -0.003938
20000128    -0.04676    -0.027457
20000131     0.01978     0.025218
20000201     0.05818     0.010628
20000202    -0.04545    -0.000114
20000203     0.00614     0.011248
20000204     0.00611    -0.000421
20000207    -0.02352    -0.000091
20000208    -0.01243     0.012273
20000209     0.00236    -0.020822
20000210    -0.02844     0.003634
20000211    -0.03821    -0.020969
20000214     0.01437     0.002033
20000215    -0.01250     0.008713
20000216     0.00928    -0.010256
20000217    -0.00836     0.000425
20000218    -0.00506    -0.030376
20000222    -0.00169     0.004517
20000223    -0.00849     0.006301
20000224     0.03082    -0.005336
20000225     0.02409    -0.014829
20000228     0.00811     0.011017
20000229    -0.02092     0.013627
20000301    -0.02383     0.009346
20000302    -0.00421     0.001863
20000303     0.02620     0.019837
20000306     0.00577    -0.012695
20000307    -0.02293    -0.025631
20000308     0.01593     0.008173
20000309     0.02393     0.025602
20000310     0.00322    -0.004723
20000313     0.00000    -0.008207
20000314    -0.02249    -0.017685
20000315     0.03615     0.024280
20000316     0.06265     0.047639
20000317    -0.04328     0.004114
20000320     0.01092    -0.005353
20000321    -0.01003     0.025566
20000322     0.01949     0.004532
20000323     0.06422     0.017799
20000324    -0.01868     0.000072
20000327    -0.00439    -0.002357
20000328    -0.01250    -0.010585
20000329    -0.03500     0.000524
20000330     0.01080    -0.013656
20000331     0.01145     0.007164
20000403     0.02415     0.004931
20000404    -0.02284    -0.007464
20000405    -0.00528    -0.004924
20000406     0.02729     0.009392
20000407    -0.00074     0.009998
20000410     0.01625    -0.007841
20000411     0.01672    -0.002572
20000412     0.00071    -0.022271
20000413     0.00571    -0.018171
20000414    -0.06747    -0.058278
20000417     0.04037     0.033084
20000418     0.03075     0.028663
20000419     0.00568    -0.009808
20000420     0.00282     0.004953
20000424    -0.01127    -0.003262
20000425     0.01923     0.033276
20000426     0.02865    -0.011134
20000427     0.00883     0.002690
20000428     0.00875    -0.008526
20000501    -0.01001     0.010892
20000502     0.00742    -0.014957
20000503    -0.05689    -0.021566
20000504    -0.01703    -0.003908
20000505    -0.00578     0.016360
20000508    -0.01380    -0.005905
20000509     0.03019    -0.008447
20000510    -0.05075    -0.020600
20000511    -0.00152     0.017902
20000512     0.04173     0.009341
20000515     0.00728     0.022098
20000516     0.03326     0.009419
20000517    -0.03149    -0.012442
20000518     0.03396    -0.007315
20000519    -0.02795    -0.021055
20000522    -0.10999    -0.004428
20000523    -0.03150    -0.019176
20000524     0.00751     0.018335
20000525    -0.04139    -0.012530
20000526    -0.02677    -0.002533
20000530     0.02041     0.032242
20000531    -0.01739    -0.001301
20000601    -0.01150     0.019858
20000602    -0.01701     0.019637
20000605     0.02459    -0.006519
20000606    -0.02578    -0.006671
20000607     0.02281     0.009274
20000608    -0.01873    -0.006586
20000609    -0.00273    -0.003229
20000612     0.00638    -0.007516
20000613    -0.00996     0.016210
20000614    -0.01098     0.000749
20000615    -0.03700     0.005569
20000616    -0.03458    -0.009650
20000619     0.02587     0.014708
20000620    -0.03492    -0.006763
20000621     0.00201     0.002155
20000622    -0.03711    -0.018220
20000623     0.02812    -0.007368
20000626    -0.02026     0.009594
20000627     0.00414    -0.003271
20000628    -0.00824     0.002944
20000629    -0.01558    -0.008544
20000630    -0.02004     0.008465
20000703     0.02691     0.010271
20000705     0.00943    -0.015862
20000706     0.01869     0.007219
20000707    -0.01733     0.015261
20000710     0.03527    -0.002218
20000711    -0.01603     0.003565
20000712     0.02444     0.008130
20000713    -0.01789     0.001956
20000714     0.00101     0.009453
20000717    -0.02326     0.000338
20000718     0.00621    -0.011089
20000719     0.00309    -0.007886
20000720    -0.01333     0.009184
20000721    -0.00208    -0.010284
20000724    -0.01146    -0.010742
20000725    -0.00843     0.006952
20000726    -0.00850    -0.014955
20000727    -0.00750    -0.001928
20000728    -0.00756    -0.020509
20000731    -0.00871     0.007705
20000801     0.03183     0.005081
20000802    -0.00851     0.000417
20000803     0.00000     0.009634
20000804     0.01931     0.007139
20000807     0.01158     0.011204
20000808     0.02810     0.002352
20000809    -0.01721    -0.006697
20000810     0.02388    -0.008568
20000811     0.02637     0.007937
20000814     0.01383     0.013398
20000815    -0.00877    -0.004780
20000816     0.01770    -0.003085
20000817     0.01159     0.010961
20000818     0.04489    -0.002908
20000821    -0.00914     0.005202
20000822     0.02306    -0.000900
20000823    -0.00541     0.005233
20000824     0.05712     0.001554
20000825    -0.01973    -0.001233
20000828     0.04287     0.005072
20000829    -0.01091    -0.002807
20000830    -0.01866    -0.004802
20000831    -0.00173     0.010043
20000901     0.01039     0.002036
20000905     0.00000    -0.009002
20000906     0.01371    -0.009840
20000907     0.02451     0.006876
20000908    -0.03218    -0.005331
20000911     0.01620    -0.003506
20000912    -0.03188    -0.004882
20000913     0.01127     0.001970
20000914     0.00086    -0.002721
20000915    -0.03253    -0.010170
20000918    -0.01947    -0.014531
20000919    -0.01534     0.010654
20000920    -0.01283    -0.005863
20000921     0.01671    -0.001578
20000922    -0.00274    -0.000228
20000925    -0.02289    -0.006689
20000926    -0.00562    -0.008214
20000927     0.00000    -0.000448
20000928     0.01131     0.022235
20000929    -0.03075    -0.014935
20001002     0.03269    -0.000195
20001003    -0.01862    -0.006803
20001004     0.00000     0.005510
20001005    -0.03985     0.001367
20001006    -0.01581    -0.019000
20001009     0.00000    -0.004940
20001010    -0.04116    -0.010706
20001011    -0.01780    -0.016171
20001012    -0.02132    -0.025509
20001013     0.00545     0.033381
20001016    -0.00542     0.000327
20001017    -0.02723    -0.017932
20001018    -0.02128    -0.005808
20001019     0.05950     0.034743
20001020     0.00756     0.005883
20001023    -0.03537    -0.000823
20001024     0.02444     0.001684
20001025    -0.02386    -0.023767
20001026     0.01111    -0.000337
20001027     0.05495     0.011096
20001030    -0.00208     0.013830
20001031     0.03758     0.021978
20001101    -0.01207    -0.005723
20001102    -0.03055     0.004996
20001103    -0.04202    -0.001141
20001106     0.06908     0.003855
20001107    -0.06462    -0.000223
20001108     0.01316    -0.015777
20001109     0.00216    -0.006486
20001110    -0.03888    -0.024398
20001113     0.01685    -0.010776
20001114     0.02652     0.023452
20001115     0.00434     0.004960
20001116    -0.01838    -0.012584
20001117    -0.01542    -0.003352
20001120    -0.07718    -0.018352
20001121    -0.00485     0.003523
20001122    -0.01218    -0.018548
20001124     0.01356     0.014678
20001127    -0.01703     0.005366
20001128    -0.03342    -0.009548
20001129     0.03457     0.004371
20001130    -0.01980    -0.020105
20001201     0.01641     0.000213
20001204     0.02484     0.007406
20001205     0.03273     0.038922
20001206    -0.02230    -0.018220
20001207    -0.01321    -0.005853
20001208    -0.00730     0.019605
20001211     0.01103     0.007526
20001212     0.00364    -0.006535
20001213     0.02778    -0.008161
20001214     0.01410    -0.014015
20001215    -0.00232    -0.021463
20001218    -0.03136     0.008071
20001219    -0.00480    -0.012958
20001220    -0.03614    -0.031296
20001221     0.02750     0.008002
20001222    -0.02555     0.024403
20001226     0.01623     0.007060
20001227     0.01106     0.010440
20001228    -0.01337     0.003988
20001229     0.00369    -0.010448
20010102     0.02454    -0.028032
20010103     0.05030     0.050099
20010104     0.04219    -0.010552
20010105    -0.05470    -0.026242
20010108    -0.02662    -0.001918
20010109     0.03092     0.003812
20010110    -0.02653     0.009586
20010111    -0.00711     0.010318
20010112     0.00955    -0.006406
20010116     0.05437     0.006319
20010117    -0.01570     0.002126
20010118     0.02050     0.013915
20010119    -0.01004    -0.004028
20010122     0.00676     0.000268
20010123    -0.02464     0.013032
20010124    -0.01837     0.002867
20010125     0.01988    -0.004977
20010126    -0.01376    -0.001886
20010129     0.00930     0.006805
20010130     0.02488     0.007008
20010131    -0.03417    -0.005620
20010201     0.01210     0.005461
20010202     0.03036    -0.017474
20010205     0.02250     0.003587
20010206     0.01502    -0.001514
20010207    -0.03390    -0.008408
20010208    -0.01460    -0.006235
20010209    -0.01590    -0.013336
20010212     0.01286     0.011827
20010213     0.00780    -0.008652
20010214    -0.01116    -0.002184
20010215     0.01432     0.008124
20010216    -0.02028    -0.018905
20010220    -0.01053    -0.017357
20010221    -0.02035    -0.018508
20010222    -0.00648    -0.001952
20010223     0.01708    -0.005555
20010226     0.04792     0.017490
20010227    -0.01710    -0.007660
20010228    -0.02344    -0.014309
20010301     0.01238     0.001040
20010302     0.00593    -0.005680
20010305     0.01989     0.005858
20010306    -0.00704     0.009981
20010307     0.02746     0.006452
20010308     0.03451     0.002259
20010309     0.00855    -0.024764
20010312    -0.03393    -0.043181
20010313    -0.00896     0.014829
20010314    -0.02551    -0.025842
20010315    -0.00727     0.005871
20010316     0.00275    -0.019624
20010319     0.02813     0.017627
20010320    -0.01954    -0.024077
20010321    -0.03026    -0.017924
20010322    -0.02280    -0.004064
20010323    -0.00325     0.019909
20010326     0.03088     0.011282
20010327    -0.01265     0.025575
20010328    -0.02902    -0.024430
20010329     0.01106    -0.004630
20010330    -0.00461     0.010784
20010402     0.00347    -0.012462
20010403    -0.02114    -0.034393
20010404     0.02199    -0.002901
20010405     0.02651     0.043680
20010406    -0.01591    -0.019984
20010409     0.01674     0.008117
20010410     0.01010     0.027066
20010411    -0.01481    -0.002131
20010412    -0.00188     0.015104
20010416    -0.00188    -0.003228
20010417     0.01189     0.010282
20010418     0.05911     0.038890
20010419    -0.00194     0.012551
20010420     0.00088    -0.008551
20010423    -0.01339    -0.014980
20010424    -0.00840    -0.012161
20010425    -0.00036     0.015941
20010426    -0.00162     0.004696
20010427    -0.00632     0.015010
20010430    -0.00436    -0.002865
20010501     0.00566     0.013590
20010502     0.02685     0.000782
20010503    -0.00919    -0.014873
20010504     0.00446     0.014440
20010507     0.00568    -0.002447
20010508    -0.00794    -0.001828
20010509    -0.00712    -0.004488
20010510     0.00416    -0.000287
20010511    -0.01801    -0.007577
20010514     0.00862     0.002609
20010515    -0.00709     0.000416
20010516     0.03644     0.028453
20010517     0.00353     0.002724
20010518     0.00000     0.002693
20010521    -0.01232     0.016154
20010522     0.01408    -0.002628
20010523    -0.03006    -0.015526
20010524     0.02555     0.003196
20010525    -0.00601    -0.011816
20010529     0.01920    -0.007794
20010530    -0.02128    -0.015655
20010531     0.01408     0.006202
20010601     0.02882     0.003862
20010604    -0.00922     0.005108
20010605     0.01586     0.012990
20010606    -0.01001    -0.010549
20010607     0.01234     0.005457
20010608     0.00085    -0.009397
20010611     0.00068    -0.008356
20010612     0.00423     0.001164
20010613     0.00236    -0.011347
20010614     0.01142    -0.017502
20010615    -0.01428    -0.004517
20010618     0.03639    -0.004883
20010619     0.00179     0.003434
20010620     0.00292     0.008709
20010621     0.04887     0.011364
20010622    -0.03024    -0.009450
20010625    -0.00716    -0.005509
20010626     0.00304    -0.001510
20010627     0.00032    -0.004676
20010628     0.01836     0.012493
20010629     0.00910    -0.001452
20010702     0.00311     0.010037
20010703     0.00263    -0.001827
20010705    -0.01962    -0.012321
20010706    -0.02537    -0.023498
20010709     0.00825     0.006879
20010710     0.00626    -0.014398
20010711     0.04351    -0.001134
20010712     0.00703     0.023691
20010713     0.00394     0.006241
20010716     0.01284    -0.010883
20010717    -0.01566     0.009971
20010718    -0.01500    -0.005542
20010719    -0.01369     0.006053
20010720     0.01388    -0.003432
20010723    -0.02692    -0.016369
20010724    -0.01850    -0.016272
20010725     0.01401     0.016080
20010726     0.01509     0.010449
20010727    -0.01565     0.002402
20010730     0.00000    -0.001078
20010731     0.01113     0.005571
20010801    -0.01462     0.003880
20010802     0.01261     0.003964
20010803    -0.00284    -0.005243
20010806    -0.00205    -0.011422
20010807     0.00222     0.003265
20010808    -0.01738    -0.017328
20010809     0.00740    -0.000084
20010810     0.01293     0.005687
20010813    -0.00221     0.000949
20010814     0.00300    -0.003828
20010815    -0.01606    -0.007339
20010816     0.00936     0.003090
20010817    -0.04954    -0.016663
20010820    -0.05835     0.008124
20010821    -0.00536    -0.012079
20010822     0.02693     0.006956
20010823    -0.01731    -0.002763
20010824     0.01388     0.019654
20010827    -0.00526    -0.004827
20010828    -0.00476    -0.015010
20010829    -0.01010    -0.011115
20010830    -0.02936    -0.017038
20010831     0.00996     0.004030
20010904    -0.00274    -0.000565
20010905    -0.00366    -0.001059
20010906    -0.02077    -0.022390
20010907    -0.03510    -0.018637
20010910     0.00350     0.006226
20010917    -0.13532    -0.049216
20010918    -0.01323    -0.005805
20010919    -0.01431    -0.016112
20010920    -0.06178    -0.031060
20010921    -0.01106    -0.019034
20010924     0.07404     0.038983
20010925    -0.04326     0.008790
20010926    -0.03046    -0.005167
20010927     0.02643     0.011489
20010928     0.04227     0.021922
20011001     0.00536    -0.002296
20011002    -0.00417     0.012306
20011003    -0.00536     0.019927
20011004    -0.03535    -0.002471
20011005     0.02791     0.001636
20011008    -0.01676    -0.008344
20011009    -0.02017    -0.005356
20011010     0.05268     0.022938
20011011     0.04586     0.015208
20011012    -0.01669    -0.005267
20011015     0.01630    -0.001530
20011016    -0.02071     0.006936
20011017    -0.02729    -0.018633
20011018    -0.01754    -0.007873
20011019    -0.01571     0.004557
20011022     0.02926     0.015296
20011023     0.01362    -0.004698
20011024     0.04287     0.000387
20011025    -0.00822     0.013721
20011026     0.01725     0.004109
20011029    -0.05815    -0.023818
20011030    -0.02152    -0.017166
20011031    -0.01243    -0.000009
20011101     0.02372     0.022948
20011102    -0.00118     0.002860
20011105     0.03621     0.014386
20011106    -0.00799     0.014526
20011107    -0.01589    -0.002735
20011108     0.02363     0.002456
20011109    -0.00571     0.001582
20011112    -0.01402    -0.001767
20011113     0.06062     0.018563
20011114     0.02312     0.001861
20011115     0.01781     0.000903
20011116     0.00961    -0.003143
20011119     0.00930     0.010899
20011120    -0.01592    -0.007298
20011121    -0.01575    -0.004927
20011123     0.03136     0.011706
20011126     0.01929     0.006155
20011127    -0.00761    -0.006843
20011128    -0.01327    -0.018251
20011129     0.02080     0.010350
20011130     0.02284    -0.000658
20011203    -0.01348    -0.008381
20011204     0.01570     0.013187
20011205     0.02671     0.022318
20011206     0.03227    -0.002777
20011207    -0.02255    -0.007531
20011210    -0.02423    -0.015868
20011211    -0.03357    -0.002781
20011212    -0.00185     0.000273
20011213    -0.02533    -0.015558
20011214     0.00317     0.003314
20011217    -0.00421     0.010035
20011218     0.00740     0.007546
20011219     0.00987     0.005810
20011220    -0.00021    -0.008377
20011221    -0.01622     0.004351
20011224     0.00317    -0.000210
20011226     0.00506     0.004124
20011227     0.00566     0.006752
20011228     0.01980     0.003362
20011231    -0.00654    -0.011145
20020102     0.00082     0.005740
20020103     0.01460     0.009180
20020104     0.01499     0.006213
20020107     0.01038    -0.006499
20020108    -0.01680    -0.003588
20020109     0.00965    -0.004799
20020110    -0.00338     0.001221
20020111    -0.00599    -0.009468
20020114    -0.00321    -0.006276
20020115     0.00705     0.006834
20020116    -0.00140    -0.016245
20020117     0.00822     0.010030
20020118    -0.01054    -0.009922
20020122    -0.02512    -0.007334
20020123     0.00412     0.007925
20020124    -0.01211     0.003519
20020125     0.00727     0.000998
20020128     0.03837    -0.000194
20020129    -0.01847    -0.028613
20020130     0.01923     0.011748
20020131     0.01549     0.014934
20020201    -0.00059    -0.007078
20020204    -0.01644    -0.024737
20020205    -0.00875    -0.004039
20020206    -0.03050    -0.005972
20020207     0.00517    -0.003083
20020208     0.02657     0.014859
20020211     0.00301     0.014340
20020212    -0.00860    -0.003993
20020213     0.04297     0.009941
20020214    -0.00840    -0.001815
20020215    -0.00886    -0.011017
20020219    -0.00616    -0.018874
20020220     0.04539     0.013514
20020221    -0.01052    -0.015510
20020222     0.02668     0.008224
20020225     0.04462     0.017975
20020226    -0.00973    -0.000045
20020227    -0.02130     0.000460
20020228    -0.01469    -0.002847
20020301     0.03756     0.022634
20020304     0.06786     0.019491
20020305    -0.00153    -0.006673
20020306     0.02235     0.014510
20020307     0.02487    -0.004498
20020308    -0.01140     0.005849
20020311     0.00708     0.003393
20020312    -0.00229    -0.002294
20020313    -0.01803    -0.009858
20020314     0.00000    -0.000910
20020315     0.01419     0.011379
20020318     0.00593    -0.000523
20020319    -0.00458     0.004067
20020320    -0.00822    -0.015757
20020321    -0.01508     0.001511
20020322     0.00825    -0.004239
20020325    -0.01853    -0.014651
20020326     0.00595     0.005849
20020327     0.01995     0.005349
20020328     0.00199     0.002455
20020401    -0.01241    -0.000741
20020402     0.00469    -0.008530
20020403    -0.01050    -0.009993
20020404     0.01331     0.000835
20020405    -0.00216    -0.003205
20020408     0.00817     0.002280
20020409    -0.00083    -0.006656
20020410     0.03358     0.011335
20020411    -0.00960    -0.023689
20020412    -0.00420     0.006632
20020415    -0.00844    -0.007615
20020416     0.04828     0.023418
20020417     0.01405    -0.002038
20020418    -0.01339    -0.001421
20020419     0.01982     0.000623
20020422    -0.00643    -0.015411
20020423     0.01648    -0.006201
20020424     0.00455    -0.007103
20020425    -0.02187    -0.001519
20020426    -0.00509    -0.013889
20020429    -0.02061    -0.010099
20020430     0.01519     0.010765
20020501     0.02120     0.008859
20020502     0.01114    -0.001749
20020503    -0.00845    -0.010262
20020506    -0.01035    -0.019340
20020507     0.00231    -0.003021
20020508     0.01474     0.037504
20020509    -0.00454    -0.014547
20020510     0.00593    -0.016794
20020513     0.01616     0.018550
20020514     0.01115     0.021144
20020515    -0.00323    -0.005659
20020516    -0.01337     0.006562
20020517    -0.00617     0.007612
20020520    -0.00182    -0.013293
20020521    -0.01412    -0.010990
20020522     0.00092     0.005686
20020523     0.00000     0.010184
20020524    -0.00015    -0.012087
20020528    -0.01523    -0.008553
20020529    -0.01563    -0.006412
20020530    -0.00571    -0.002810
20020531    -0.00782     0.002329
20020603    -0.01448    -0.024795
20020604    -0.02939     0.000010
20020605    -0.00606     0.008850
20020606    -0.01506    -0.019764
20020607     0.00258    -0.001574
20020610     0.01011     0.003124
20020611    -0.01612    -0.016629
20020612    -0.00966     0.006571
20020613    -0.02316    -0.010488
20020614    -0.01159    -0.002268
20020617     0.02308     0.028691
20020618     0.00388     0.000936
20020619    -0.01071    -0.016536
20020620    -0.04597    -0.013432
20020621     0.02381    -0.017043
20020624    -0.00509     0.003619
20020625    -0.02630    -0.016702
20020626    -0.00431    -0.002674
20020627    -0.02977     0.017575
20020628     0.03786    -0.000838
20020701    -0.04920    -0.021378
20020702    -0.00630    -0.021225
20020703    -0.00693     0.006223
20020705     0.03071     0.036730
20020708    -0.00310    -0.012184
20020709    -0.00757    -0.024719
20020710    -0.06903    -0.033962
20020711     0.00231     0.007496
20020712    -0.02347    -0.006448
20020715     0.02833    -0.003755
20020716    -0.04341    -0.018389
20020717    -0.01614     0.005538
20020718    -0.00665    -0.027019
20020719    -0.04978    -0.038341
20020722    -0.03688    -0.032922
20020723     0.00780    -0.027017
20020724     0.08301     0.057315
20020725    -0.01855    -0.005620
20020726    -0.01981     0.016884
20020729     0.07062     0.054078
20020730    -0.00217     0.004249
20020731     0.01218     0.009792
20020801    -0.01525    -0.029574
20020802    -0.05585    -0.023082
20020805    -0.03512    -0.034296
20020806     0.02586     0.029919
20020807     0.02381     0.020010
20020808     0.00775     0.032722
20020809     0.00679     0.003512
20020812    -0.00449    -0.005327
20020813    -0.01670    -0.021675
20020814     0.03742     0.040047
20020815     0.02282     0.011559
20020816    -0.00459    -0.001591
20020819     0.02769     0.023633
20020820     0.00406    -0.013979
20020821     0.02258     0.012726
20020822     0.02729     0.014052
20020823    -0.02839    -0.022686
20020826     0.03088     0.007536
20020827    -0.02652    -0.013851
20020828    -0.01268    -0.018132
20020829     0.02043    -0.000076
20020830    -0.01218    -0.001885
20020903    -0.04827    -0.041536
20020904     0.00439     0.017517
20020905    -0.03104    -0.015950
20020906     0.03316     0.016800
20020909     0.00197     0.010113
20020910     0.01656     0.007331
20020911     0.00965    -0.000143
20020912    -0.03588    -0.024784
20020913    -0.02929     0.003270
20020916     0.01202     0.001450
20020917    -0.01502    -0.019728
20020918    -0.00455    -0.004648
20020919    -0.02949    -0.030065
20020920     0.01131     0.002455
20020923    -0.03145    -0.013828
20020924    -0.08225    -0.017284
20020925     0.03695     0.024863
20020926     0.04928     0.018210
20020927    -0.04167    -0.032259
20020930    -0.02237    -0.014600
20021001     0.04473     0.040010
20021002    -0.04724    -0.023587
20021003    -0.02454    -0.010822
20021004    -0.03574    -0.022431
20021007    -0.01483    -0.019111
20021008    -0.06355     0.016898
20021009    -0.07708    -0.027287
20021010     0.06804     0.034966
20021011     0.05133     0.039059
20021014    -0.04480     0.007327
20021015     0.10343     0.047336
20021016    -0.06975    -0.024113
20021017     0.03691     0.022302
20021018    -0.03079     0.005903
20021021     0.07840     0.017334
20021022    -0.03243    -0.010626
20021023     0.01955     0.006718
20021024    -0.02384    -0.015221
20021025    -0.00253     0.017167
20021028    -0.01857    -0.008266
20021029    -0.03297    -0.009076
20021030    -0.03498     0.009704
20021031     0.02151    -0.005557
20021101     0.02316     0.017160
20021104    -0.00441     0.008191
20021105     0.03041     0.007761
20021106     0.04756     0.009144
20021107    -0.05416    -0.022852
20021108    -0.00463    -0.008763
20021111     0.00436    -0.020732
20021112    -0.00897     0.007715
20021113     0.00563    -0.000476
20021114     0.02946     0.024634
20021115     0.00343     0.006149
20021118     0.00285    -0.010409
20021119    -0.00426    -0.004021
20021120     0.00800     0.019415
20021121     0.09065     0.021452
20021122    -0.02390    -0.003438
20021125     0.02980     0.002504
20021126    -0.02687    -0.020978
20021127     0.06187     0.027986
20021129    -0.00725    -0.002727
20021202     0.00630    -0.001901
20021203    -0.05131    -0.014745
20021204     0.01346    -0.003454
20021205    -0.01198    -0.012010
20021206    -0.01845     0.006266
20021209    -0.02899    -0.022176
20021210     0.02156     0.013957
20021211    -0.00325     0.000564
20021212     0.01656    -0.003724
20021213    -0.02457    -0.013432
20021216     0.02191     0.023519
20021217    -0.01768    -0.008139
20021218    -0.00791    -0.013145
20021219    -0.00715    -0.007709
20021220     0.02631     0.013005
20021223    -0.00621     0.001820
20021224    -0.00054    -0.005471
20021226     0.00815    -0.003149
20021227    -0.01536    -0.016029
20021230     0.01177     0.004558
20021231    -0.00298     0.000489
20030102     0.05670     0.033200
20030103    -0.01053    -0.000484
20030106     0.02465     0.022474
20030107     0.00886    -0.006545
20030108    -0.04091    -0.014086
20030109     0.03376     0.019397
20030110    -0.00987    -0.000011
20030113     0.01611    -0.001412
20030114     0.01912     0.005830
20030115    -0.00741    -0.014426
20030116    -0.01169    -0.003942
20030117     0.00680    -0.014017
20030121    -0.00925    -0.015702
20030122    -0.04668    -0.010432
20030123     0.02700     0.010224
20030124    -0.03222    -0.029233
20030127    -0.01491    -0.016160
20030128     0.01108     0.013050
20030129    -0.00321     0.006779
20030130    -0.03675    -0.022849
20030131     0.01170     0.013130
20030203     0.01184     0.005399
20030204    -0.01741    -0.014088
20030205     0.00969    -0.005435
20030206    -0.01015    -0.006449
20030207    -0.00222    -0.010094
20030210     0.00944     0.007569
20030211    -0.00853    -0.008098
20030212    -0.04244    -0.012687
20030213    -0.01088    -0.001600
20030214    -0.01634     0.021435
20030218     0.04109     0.019500
20030219    -0.01683    -0.007096
20030220    -0.00767    -0.009501
20030221     0.01130     0.013224
20030224    -0.02118    -0.018381
20030225     0.01112     0.007195
20030226    -0.00802    -0.013141
20030227     0.01258     0.011758
20030228    -0.00089     0.004622
20030303    -0.01806    -0.007537
20030304    -0.05700    -0.015357
20030305     0.01119     0.009562
20030306    -0.01328    -0.009339
20030307    -0.00288     0.008259
20030310    -0.01382    -0.025830
20030311    -0.02477    -0.008359
20030312     0.02373     0.004321
20030313     0.06432     0.034457
20030314    -0.01840     0.001647
20030317     0.03781     0.035427
20030318     0.02740     0.004242
20030319    -0.00176     0.008737
20030320     0.00440     0.001888
20030321     0.03040     0.022977
20030324    -0.03887    -0.035231
20030325     0.01151     0.012161
20030326     0.00175    -0.005476
20030327    -0.00350    -0.001644
20030328    -0.00643    -0.005780
20030331    -0.01089    -0.017742
20030401     0.00535     0.012144
20030402     0.02663     0.026116
20030403     0.00893    -0.005052
20030404    -0.00314     0.002738
20030407     0.01433     0.001229
20030408    -0.01893    -0.001864
20030409    -0.00720    -0.014004
20030410     0.00058     0.006455
20030411     0.00957    -0.003763
20030414     0.03704     0.019498
20030415    -0.02630     0.006303
20030416    -0.00313    -0.012236
20030417     0.00884     0.015536
20030421     0.01046    -0.001757
20030422     0.03889     0.021704
20030423     0.01023     0.008394
20030424    -0.02266    -0.008259
20030425    -0.02837    -0.013846
20030428     0.02386     0.017835
20030429    -0.00494     0.003279
20030430    -0.00661    -0.001002
20030501    -0.01526    -0.000676
20030502     0.00845     0.015039
20030505    -0.00168    -0.003795
20030506     0.01371     0.008461
20030507    -0.00414    -0.005105
20030508    -0.00831    -0.010058
20030509     0.00531     0.014278
20030512     0.02002     0.012535
20030513    -0.01063    -0.002973
20030514     0.00303    -0.003205
20030515    -0.02868     0.007868
20030516    -0.01347    -0.002504
20030519    -0.02325    -0.024918
20030520    -0.00833    -0.001129
20030521     0.00630     0.004012
20030522     0.00209     0.009151
20030523    -0.01041     0.001449
20030527     0.04931     0.019567
20030528    -0.00573     0.001829
20030529    -0.00346    -0.003756
20030530     0.02169     0.014690
20030602     0.02859     0.003539
20030603    -0.01073     0.004716
20030604    -0.00278     0.015110
20030605    -0.00725     0.003954
20030606     0.00421    -0.002404
20030609    -0.01231    -0.011977
20030610     0.02833     0.009130
20030611     0.02287     0.012835
20030612    -0.00027     0.001033
20030613    -0.02478    -0.009915
20030616     0.02514     0.022385
20030617     0.05470     0.000910
20030618    -0.01507    -0.001552
20030619    -0.01245    -0.015236
20030620     0.01366     0.000995
20030623    -0.03136    -0.014111
20030624    -0.01284     0.001834
20030625    -0.00786    -0.008267
20030626    -0.01830     0.010776
20030627     0.00473    -0.009738
20030630    -0.00305    -0.001762
20030701    -0.00722     0.008025
20030702     0.00560     0.011646
20030703    -0.00445    -0.008111
20030707     0.00335     0.018992
20030708     0.01894     0.003405
20030709    -0.01176    -0.005586
20030710    -0.01245    -0.013480
20030711     0.00112     0.009548
20030714     0.01567     0.005731
20030715    -0.00138    -0.003427
20030716    -0.00910    -0.006417
20030717    -0.00501    -0.012344
20030718     0.00364     0.011806
20030721     0.00307    -0.014618
20030722     0.00167     0.009512
20030723     0.00444     0.000506
20030724     0.00193    -0.007091
20030725     0.01572     0.017400
20030728     0.01113    -0.002163
20030729    -0.00913    -0.007265
20030730    -0.00108    -0.001809
20030731     0.01519     0.002856
20030801    -0.00427    -0.010259
20030804    -0.00751     0.002724
20030805    -0.02136    -0.017663
20030806     0.00994     0.001678
20030807     0.00410     0.007280
20030808     0.00735     0.003562
20030811     0.00352     0.003069
20030812     0.01401     0.009953
20030813    -0.00080    -0.006382
20030814     0.00593     0.006585
20030815    -0.00589     0.000162
20030818     0.02561     0.009155
20030819     0.01314     0.002611
20030820    -0.00104    -0.002045
20030821     0.01610     0.002969
20030822    -0.01150    -0.010177
20030825    -0.00569     0.000655
20030826     0.01560     0.003039
20030827     0.00870     0.000060
20030828     0.02563     0.006069
20030829     0.01707     0.005155
20030902     0.03358     0.013869
20030903     0.00306     0.004188
20030904    -0.00329     0.001656
20030905    -0.01790    -0.006401
20030908     0.01918     0.010035
20030909    -0.02117    -0.008210
20030910    -0.01730    -0.011973
20030911     0.00147     0.005441
20030912     0.01416     0.002174
20030915    -0.00674    -0.003750
20030916     0.01527     0.014298
20030917    -0.00454    -0.003255
20030918     0.00648     0.013266
20030919    -0.00191    -0.003155
20030922    -0.01289    -0.013008
20030923     0.00798     0.006071
20030924    -0.02040    -0.019096
20030925    -0.00073    -0.006053
20030926    -0.00858    -0.006399
20030929     0.00445     0.009761
20030930     0.00763    -0.010541
20031001    -0.00904     0.022340
20031002     0.00641     0.001984
20031003     0.01519     0.009419
20031006     0.00917     0.004370
20031007     0.00670     0.004737
20031008     0.00119    -0.005263
20031009     0.00593     0.004788
20031010     0.00920    -0.000645
20031013     0.01753     0.007023
20031014     0.00988     0.003951
20031015    -0.00955    -0.002592
20031016     0.00643     0.003162
20031017    -0.01574    -0.010237
20031020     0.00487     0.005157
20031021    -0.01384     0.001292
20031022    -0.02035    -0.014980
20031023     0.00454     0.003310
20031024    -0.00547    -0.004701
20031027     0.01028     0.002158
20031028     0.02082     0.015187
20031029    -0.00464     0.001261
20031030    -0.00140    -0.001116
20031031    -0.00513     0.003601
20031103     0.00539     0.007909
20031104     0.00000    -0.005448
20031105     0.00117    -0.001367
20031106    -0.00163     0.005933
20031107     0.00117    -0.004574
20031110    -0.00862    -0.005792
20031111     0.00000    -0.000516
20031112     0.01569     0.011456
20031113     0.00234    -0.000142
20031114    -0.01284    -0.007615
20031117    -0.00923    -0.006398
20031118    -0.00621    -0.009084
20031119     0.01418     0.008016
20031120    -0.01279    -0.008432
20031121    -0.00144     0.001577
20031124     0.01875     0.016227
20031125     0.00495     0.001720
20031126     0.00117     0.004327
20031128     0.00305    -0.000236
20031201     0.00818     0.011264
20031202     0.00348    -0.003271
20031203     0.05222    -0.001772
20031204     0.02042     0.004687
20031205    -0.00904    -0.007684
20031208     0.02367     0.007348
20031209     0.02694    -0.008529
20031210    -0.00041    -0.001066
20031211     0.01116     0.011482
20031212     0.01758     0.002735
20031215    -0.01727    -0.005679
20031216     0.01369     0.006638
20031217     0.00524     0.001256
20031218     0.01063     0.011798
20031219    -0.00060    -0.000468
20031222     0.04071     0.003922
20031223    -0.00820     0.002818
20031224     0.02636    -0.001807
20031226    -0.00712     0.001691
20031229     0.01378     0.012401
20031230    -0.00279     0.000144
20031231    -0.00280     0.002055
