   0.00100   0.00100
   1.26500  -0.78200
   1.99800  -0.38400
   1.93000   2.20000
  -0.12200   0.98300
  -0.70500  -1.18200
  -0.36600  -0.19500
  -1.28600  -0.21800
   1.40100  -0.77100
   0.83900  -1.01900
   1.21500  -0.11400
   0.21500   0.48900
  -0.92800   0.24300
  -1.06700  -0.83200
   2.05900  -0.00800
   1.65600  -1.55400
   0.14900  -0.55800
   0.28300  -0.24100
   1.00600   0.94100
   0.23900   0.62300
  -0.56300  -0.25200
   1.31600  -0.26900
   1.33800   1.53000
   0.15400   0.36500
   1.07700  -0.24000
   0.10200   0.36400
  -0.67700  -0.22000
  -0.23100   0.78300
  -0.43600  -0.15800
  -0.05300  -0.72800
  -0.60600   0.38400
  -0.66800  -0.96700
   1.68200   0.62200
   1.08600   0.43300
   1.21900   0.38000
   0.00300   0.67200
   0.00200  -2.46000
  -0.00400  -0.21500
  -2.45200   0.04900
   0.52900  -0.23100
  -1.61800   0.74800
   0.03400  -1.51800
   0.61700  -0.37800
  -1.13800   0.46800
   0.80500  -0.18000
   0.07900  -0.40200
   1.84300  -0.14500
  -0.71200  -0.27600
  -1.51800  -1.43600
   0.23600   0.46200
  -7.58500  -0.59500
   2.18000   0.47700
  -3.08500  -0.44100
   1.85000   0.61900
   1.34800   0.69300
   0.46100   0.26200
   2.75400   0.44700
  -0.38200  -0.24000
   2.10000   1.32600
  -0.35800  -0.23500
   0.97400   1.42600
  -1.01100   0.03400
   0.91400   0.56200
  -0.50200   0.27900
  -0.56500   0.78200
  -0.36000  -0.11200
   1.99400   0.05800
  -0.08300   0.00800
   0.01400  -0.35100
   0.00100   0.45500
   0.00500  -0.81800
  -0.26700   0.45500
  -0.23200  -0.00600
  -1.65400   0.04100
  -0.69400  -0.18100
   0.79500   0.86100
   0.72600  -0.05900
  -0.50100  -0.21200
  -0.46500   0.32900
  -0.94600   0.99200
   0.59900   1.33300
  -0.10600   0.53700
   0.04200   0.23700
  -1.27800   0.29200
  -0.16400   0.96100
   0.84500   1.07500
   1.69400  -0.41100
  -0.45600  -1.37800
   0.09300  -0.27500
  -1.63900  -0.04800
  -0.12900  -0.07200
   0.14600  -1.08600
  -0.55100   0.44200
  -0.36300  -0.55600
   0.20000  -1.16500
   1.20100  -0.52100
   0.70200  -0.27300
   0.24900   1.49300
  -0.24300   0.56600
  -0.01500  -0.88600
   1.44900  -0.25500
   0.75900   0.21300
  -0.04800  -0.29600
  -0.33700  -1.11500
  -0.12600  -0.69500
   0.41400  -0.36400
   0.25600   0.07600
   0.66900   0.11500
  -0.46100   0.61100
   0.92700   0.14100
  -1.94400  -1.24600
   0.35000   0.05300
  -0.17700   0.13500
   1.29000  -0.65100
  -0.25600  -0.28700
  -0.39000  -0.16300
  -1.48300   0.24700
  -0.44600   1.02000
  -1.03800   0.30200
   0.15300   1.19900
   0.01900  -0.69100
   0.81500   1.16400
  -0.31900  -0.06700
   0.00400   0.08500
  -0.36800  -0.11300
   0.88600   0.55400
  -0.00100  -0.20100
   0.80700  -0.07900
  -0.45300  -0.38700
  -0.06500  -0.39200
  -0.23900  -0.01400
   0.48500  -1.16000
  -0.39800  -0.37200
   0.84700  -0.16700
  -0.26900  -0.59100
  -2.72600  -1.23100
   0.37800   0.41100
  -0.18900  -0.59700
   0.02100   0.15800
  -1.11700  -1.32800
  -0.09800   0.28000
  -1.43000  -0.21300
  -0.20700   0.43200
   0.98800   0.72800
   1.23100  -0.25000
  -0.68000  -1.29200
   0.66700   0.20400
  -1.67500  -1.85800
  -0.04200   0.46900
  -0.11700   0.91400
  -0.40900  -0.23400
  -0.68300   0.17000
   0.71600   0.91100
   0.98300   0.57500
   1.41400  -0.21700
   0.99700   0.61500
  -0.16100  -1.38300
  -0.09400  -1.81800
   0.04500   0.25900
  -0.59300  -0.59500
   0.78800   0.75500
  -0.03600   0.47100
  -0.01700   0.31200
  -0.25200  -0.33200
  -0.24900  -0.34800
   0.49000   0.38700
   1.14100  -0.11000
   0.92900   0.76000
   0.54100   0.41800
  -0.56200  -0.41000
   0.00100  -0.79500
  -0.65800  -0.09000
   0.29800  -1.25700
  -0.50100  -0.85300
  -1.56400  -0.96600
  -0.20000  -0.76700
  -1.14300   0.14800
   0.85000   0.22600
  -0.35100   0.58100
  -0.11500  -0.82600
   1.57700  -0.03100
   0.10600   0.41500
   0.25100  -0.37400
  -0.01300  -0.06900
   0.79800   0.96900
   1.45900   0.05400
   0.61400   2.10300
  -0.00800   0.55100
  -0.41400   0.16700
  -0.09000  -1.10400
   0.07300  -0.04100
  -0.54500   0.08800
   0.64500   0.49000
   0.19800   0.52200
   1.00900   0.27400
   1.63400  -0.01600
   0.22900  -0.15800
   0.20500  -0.63700
   0.16400  -0.66200
  -0.75800  -1.00500
   1.87200   0.12700
  -0.28900  -0.58900
   1.19100  -0.87700
   0.03400   0.18900
  -0.08500  -0.16300
   0.82400   0.35700
   1.28000   1.18600
  -0.84400   0.02700
   0.10700   0.03500
   0.45300   0.31800
   0.00100  -1.34700
  -0.74200  -0.98400
   0.32500  -0.58600
  -0.47600  -0.18400
  -0.80400  -1.32800
  -0.89900  -0.37800
  -0.26800   0.72200
   1.73600  -0.35300
   0.60500  -0.70500
   0.14500   0.68400
   0.39100  -0.17600
  -0.29500  -0.51100
   2.01200   1.45200
  -0.50000   1.12000
   0.32100   1.17500
   0.25100  -0.04200
   0.25900   0.24200
   1.11800  -0.83400
   0.76800   0.47200
  -0.77900   0.01300
   1.40900  -0.86200
   0.17000   0.45700
   0.91800   0.96700
  -0.44000  -0.17200
   0.26600   0.33800
   0.45200  -0.61000
   1.62400   0.34800
   0.30000  -0.37300
  -1.58000  -1.36900
   0.82000  -0.47700
   0.80100  -1.44800
  -0.32300  -0.35300
  -0.30100   0.65200
   0.45600   1.69900
  -2.92500  -2.61200
   0.14000   0.50500
   1.61900   0.62800
  -1.37600  -0.80600
  -0.71600  -1.36100
  -2.27400  -0.91900
   1.39600   0.58700
  -1.10900   0.47300
  -0.39900  -1.18400
   0.58500  -1.98600
   2.17500   0.43700
   1.56700   0.18400
  -0.18300  -2.42300
   0.00100   0.00100
   0.00400   0.76900
   0.17600  -0.10800
   0.12300   0.21600
  -0.19900  -0.16400
   0.00100   0.00100
  -1.93600   0.32400
   0.35500  -0.43600
   1.40900   1.08900
   0.39800  -1.76300
   0.32500  -1.72100
  -1.92000  -3.33300
  -0.54600  -3.87800
   0.55100   2.96800
  -0.07400  -0.01500
   3.26700  -0.23100
  -0.04800   1.02900
   0.00200  -1.12900
   0.20400  -2.94400
  -0.77900  -0.71100
   0.17900   1.21800
  -0.75900  -1.39500
  -2.01800  -0.52800
  -0.87200  -2.50800
   0.96400   0.10100
  -0.84200   1.14200
  -0.22800  -1.37900
  -0.05700   2.51800
   0.99800  -0.78300
   0.79700   0.31200
   0.68000  -2.32600
   0.00600  -0.57900
   0.02800  -1.37400
  -0.85800   2.77100
  -1.27200  -0.19500
  -0.05500   0.70800
  -1.85800   0.49100
  -0.99500   1.01200
   0.08100  -0.05400
  -0.21600  -0.75400
  -0.01700  -0.06200
   2.39500   2.92700
   0.06000   1.12100
  -0.60200   0.40200
   0.86300   0.18800
   0.16400  -0.67300
   0.44600   0.83100
  -1.06100  -1.70700
   1.03000  -0.99300
  -0.32200  -0.15900
  -0.57500  -0.94000
  -0.25400  -1.63100
  -0.66000   0.46100
  -0.71500   0.10800
  -0.28800   0.56900
  -1.10200  -0.81100
  -1.52300  -1.47900
  -1.36700   0.07200
   1.02300  -0.09500
  -0.68900   2.18500
  -0.65900   0.58400
  -1.43500  -0.56100
   0.46400   1.65400
   2.10100  -1.76700
   0.31800   0.56700
  -0.38600   0.25900
  -2.09800  -0.44700
  -0.00400  -0.57400
   0.00400  -0.40400
  -3.65200  -0.03400
   0.37700   1.40400
  -0.67300   0.23700
   1.34800  -1.91500
   0.47000  -2.04300
   0.72400   0.75100
  -0.08500  -1.88400
  -0.52200  -1.25500
   1.24200   1.11400
  -1.68600  -0.92900
   0.10700   1.20300
   1.84200   1.40700
  -0.72100   0.46300
   0.36500   1.37800
   0.82200   1.69700
  -0.56000  -0.45700
   0.79100   1.17400
   0.07800   0.04400
  -0.72900  -0.40300
  -0.27100  -0.39500
  -0.03900  -0.14200
   2.12000   2.09600
   1.31500   1.12500
   0.06700   0.79000
   2.35600  -0.01600
   1.43100   4.02000
  -0.04000  -0.13300
   0.92100   0.38500
   0.75900   0.47300
   0.45700   3.44200
  -0.58400  -0.00400
   1.41500   0.63600
  -0.10100   0.84800
  -0.10800   1.42500
   0.64000   0.13600
   0.62800   1.60500
  -0.19400  -2.44900
  -0.08800  -1.67900
   0.63800   1.60000
   1.63200  -0.23000
  -0.30900  -1.02300
  -0.09500   2.28900
  -1.11400  -0.48300
   2.02300  -2.33400
   2.27100   1.69700
  -1.39600   0.67300
   0.37300   0.42500
   0.08100   0.34000
  -1.00600  -0.20200
   0.00100   1.79400
  -2.32600   0.59300
  -0.22600   0.87800
  -3.56300  -1.13200
   1.11500  -0.30900
   2.42400   2.04500
  -0.53300  -0.48700
  -0.42600  -0.20900
   2.52000  -0.65200
   4.90700  -0.67900
  -0.82500  -0.54300
  -0.89700   0.72500
   0.86100   2.53200
   0.82400   0.38900
   0.56200  -1.54700
   0.01500   0.82900
   0.02300  -2.05100
  -0.01900   0.38400
  -1.80300   0.41700
  -2.37900  -0.88700
  -0.09300  -0.29500
  -0.32700   0.28300
  -0.55600  -0.37600
   1.41900   0.03600
   2.73600  -0.12200
   0.69000   1.35700
   0.44800  -1.48900
  -1.45100   1.16800
   0.58500   0.57900
   0.59600  -0.79300
   0.20000  -0.28100
  -0.51000  -0.18800
   1.78700  -0.24400
   0.10600   0.69800
  -0.36800  -0.26800
   0.51200  -0.05900
   0.60300  -0.36800
   1.29800  -1.18600
   2.34100   0.54000
   0.45100  -1.67800
  -0.20300  -1.28600
   0.13400  -1.59500
   1.29700   1.85200
   0.71900  -0.35000
  -0.38100   2.96000
  -0.85900  -3.00200
  -0.97500   0.97300
   0.51900   0.61400
  -0.15800  -0.83400
  -2.52700   1.14100
   0.10000  -1.37100
  -3.88000  -1.17000
   2.90500   0.70700
  -1.22300   0.23900
  -1.47000  -2.22200
   1.53300  -1.16600
  -0.09700   0.95900
   0.17800  -1.91000
  -5.11500   0.10300
  -5.25900  -2.08900
  -5.21200  -2.74900
   2.25300   0.32000
   6.94600   3.07600
  -3.51800  -0.05200
   3.32900  -0.37000
   2.00500  -0.37000
   1.53000   1.87400
  -1.32900  -0.21900
  -3.42300  -2.36300
   1.42400  -2.19700
   1.28200   0.44800
  -1.52400  -0.61000
  -0.00800  -0.76600
   0.02300  -0.45100
  -0.84200   0.78900
  -1.96100   0.71300
  -0.28800   0.52100
   0.87800   3.10400
   2.73700  -1.05600
   0.04900  -1.74500
   0.39100  -0.05800
   1.15200   0.58500
   0.01600  -0.02200
  -0.00300  -1.57700
   0.26600  -0.10600
  -2.19100   1.25400
   0.31700  -1.49100
   0.21100   0.81700
  -3.27800  -1.18900
  -0.00300   0.89600
  -1.01900  -2.30300
  -1.82400  -0.77000
  -3.44500   1.16200
   1.15700   2.73700
   0.07000  -0.65900
  -5.45900  -2.20500
  -5.40900   0.47500
  -7.15000   1.28800
  -9.60000  -3.49000
   6.56100  -0.23400
  -5.47800  -2.00000
 -13.77200  -2.35400
  16.00500   2.47400
  -2.68100  -2.38600
   2.29400  -0.15300
   5.54700  -0.43100
  -4.57000  -0.07400
  -0.86400  -1.15700
  -2.90700  -0.15700
  -3.30200  -4.03500
  -1.15400  -2.14500
  -0.41300   0.65400
  -4.04800  -2.97400
   1.31700  -0.09800
   2.91700  -2.81500
   4.33500   7.84600
