19900102     0.00842
19900103     0.00418
19900104     0.00208
19900105    -0.01037
19900108     0.01677
19900109    -0.03093
19900110    -0.01489
19900111     0.01296
19900112    -0.02985
19900115    -0.00440
19900116     0.00000
19900117    -0.00883
19900118     0.00891
19900119     0.01325
19900122    -0.03486
19900123    -0.00226
19900124    -0.01810
19900125    -0.02304
19900126    -0.00236
19900129     0.00000
19900130    -0.01655
19900131     0.00721
19900201     0.01909
19900202     0.02342
19900205    -0.00686
19900206    -0.00461
19900207     0.01389
19900208     0.01826
19900209     0.00673
19900212    -0.00668
19900213    -0.00825
19900214     0.00909
19900215     0.01577
19900216    -0.01552
19900220    -0.01802
19900221    -0.01376
19900222    -0.01163
19900223    -0.01882
19900226     0.02398
19900227     0.00000
19900228     0.00468
19900301     0.00699
19900302     0.01852
19900305    -0.01591
19900306     0.02079
19900307     0.00000
19900308     0.01131
19900309    -0.00447
19900312    -0.00449
19900313    -0.01806
19900314     0.01379
19900315     0.03175
19900316     0.00659
19900319    -0.00437
19900320    -0.01096
19900321    -0.00887
19900322    -0.01790
19900323     0.01595
19900326     0.00224
19900327     0.02237
19900328     0.00000
19900329    -0.00875
19900330    -0.00883
19900402     0.00000
19900403     0.02673
19900404    -0.01518
19900405     0.00661
19900406     0.00000
19900409     0.01751
19900410     0.00000
19900411     0.00215
19900412     0.00644
19900416    -0.00426
19900417     0.01285
19900418    -0.00846
19900419    -0.00853
19900420     0.00215
19900423    -0.01931
19900424    -0.00875
19900425    -0.00221
19900426     0.01106
19900427    -0.01313
19900430     0.00443
19900501     0.01104
19900502     0.01747
19900503    -0.00429
19900504     0.01724
19900507     0.00636
19900508    -0.00211
19900509    -0.01477
19900510     0.00642
19900511     0.02128
19900514     0.01042
19900515     0.00619
19900516     0.00352
19900517     0.00616
19900518    -0.00816
19900521     0.01646
19900522     0.00607
19900523     0.00201
19900524     0.02008
19900525    -0.01378
19900529     0.01796
19900530     0.00588
19900531    -0.00390
19900601     0.00587
19900604     0.01362
19900605     0.00192
19900606    -0.00958
19900607    -0.00580
19900608    -0.01946
19900611     0.01587
19900612     0.01563
19900613    -0.00385
19900614    -0.01351
19900615     0.00783
19900618    -0.01553
19900619     0.00592
19900620     0.01373
19900621     0.03095
19900622    -0.01876
19900625    -0.00956
19900626     0.00193
19900627     0.02697
19900628     0.01876
19900629    -0.00184
19900702     0.02768
19900703    -0.00539
19900705    -0.01264
19900706     0.00731
19900709    -0.00726
19900710    -0.00548
19900711     0.02390
19900712     0.01795
19900713    -0.00529
19900716     0.00532
19900717     0.00353
19900718     0.00351
19900719     0.01926
19900720     0.00344
19900723    -0.02740
19900724     0.01408
19900725     0.01736
19900726     0.00171
19900727    -0.01363
19900730    -0.01036
19900731    -0.01396
19900801    -0.00177
19900802    -0.02482
19900803    -0.02182
19900806    -0.04833
19900807     0.01953
19900808     0.02874
19900809    -0.00372
19900810    -0.01121
19900813     0.01890
19900814     0.00371
19900815     0.01612
19900816    -0.02194
19900817    -0.01495
19900820    -0.01328
19900821    -0.01731
19900822    -0.01761
19900823    -0.02988
19900824     0.01848
19900827     0.04234
19900828     0.00193
19900829     0.01931
19900830    -0.01326
19900831     0.00768
19900904     0.00762
19900905     0.00000
19900906    -0.02079
19900907     0.01351
19900910    -0.00571
19900911    -0.00383
19900912     0.00000
19900913    -0.02115
19900914     0.00196
19900917     0.00588
19900918     0.00975
19900919    -0.01158
19900920    -0.02734
19900921     0.00402
19900924    -0.01800
19900925     0.02648
19900926    -0.00397
19900927    -0.00598
19900928     0.01403
19901001     0.04150
19901002     0.00759
19901003    -0.01507
19901004     0.00191
19901005     0.00000
19901008     0.01527
19901009    -0.02068
19901010    -0.00960
19901011    -0.01744
19901012     0.01381
19901015     0.01751
19901016    -0.00956
19901017     0.00579
19901018     0.02687
19901019     0.00748
19901022     0.01299
19901023     0.00549
19901024    -0.01093
19901025    -0.00368
19901026    -0.02218
19901029    -0.00945
19901030     0.00382
19901031    -0.02091
19901101     0.02136
19901102     0.01331
19901105     0.01313
19901106    -0.01667
19901107    -0.01507
19901108    -0.00574
19901109     0.00769
19901112     0.01908
19901113    -0.00749
19901114     0.00513
19901115    -0.00755
19901116    -0.00190
19901119     0.01333
19901120    -0.00752
19901121     0.00000
19901123    -0.00758
19901126    -0.00191
19901127     0.00382
19901128     0.02095
19901129     0.01493
19901130     0.02574
19901203     0.01792
19901204     0.00000
19901205    -0.00704
19901206     0.00177
19901207     0.00177
19901210    -0.00177
19901211    -0.00531
19901212     0.01601
19901213    -0.00876
19901214    -0.00883
19901217     0.00357
19901218     0.01776
19901219     0.00000
19901220    -0.00175
19901221    -0.00524
19901224     0.00000
19901226     0.00351
19901227    -0.00876
19901228     0.00353
19901231     0.01056
19910102    -0.02439
19910103    -0.01071
19910104    -0.00722
19910107    -0.03091
19910108     0.00938
19910109    -0.02416
19910110     0.02667
19910111     0.00742
19910114     0.00184
19910115     0.00184
19910116     0.01835
19910117     0.03063
19910118     0.00524
19910121     0.00348
19910122    -0.00520
19910123     0.01742
19910124     0.02397
19910125    -0.00167
19910128     0.00168
19910129     0.00669
19910130     0.01495
19910131     0.00164
19910201    -0.01797
19910204     0.01664
19910205    -0.00164
19910206     0.01311
19910207    -0.01133
19910208     0.01146
19910211     0.03398
19910212    -0.01296
19910213     0.00796
19910214    -0.01422
19910215     0.03846
19910219    -0.00154
19910220    -0.01082
19910221     0.00469
19910222     0.00156
19910225     0.02174
19910226    -0.01672
19910227     0.01855
19910228    -0.00303
19910301    -0.00152
19910304    -0.01067
19910305     0.02773
19910306     0.05097
19910307     0.03138
19910308    -0.00692
19910311    -0.01671
19910312    -0.00850
19910313     0.01714
19910314     0.03090
19910315     0.02044
19910318    -0.00935
19910319    -0.02291
19910320    -0.00690
19910321     0.00139
19910322     0.01387
19910325     0.03967
19910326     0.02763
19910327    -0.00896
19910328    -0.00904
19910401    -0.01565
19910402     0.02252
19910403    -0.00130
19910404    -0.01556
19910405    -0.01581
19910408     0.03748
19910409    -0.01290
19910410    -0.00523
19910411     0.02365
19910412     0.00385
19910415    -0.00767
19910416     0.03351
19910417    -0.00748
19910418    -0.01131
19910419    -0.01144
19910422    -0.00771
19910423    -0.00777
19910424    -0.01958
19910425     0.01198
19910426    -0.00132
19910429    -0.00132
19910430    -0.00264
19910501     0.01852
19910502    -0.02078
19910503     0.00000
19910506    -0.00265
19910507     0.00133
19910508    -0.00531
19910509     0.01736
19910510    -0.02100
19910513    -0.00268
19910514    -0.00672
19910515    -0.00650
19910516     0.00684
19910517    -0.02174
19910520     0.01389
19910521     0.02603
19910522     0.00668
19910523    -0.00663
19910524    -0.01068
19910528     0.01889
19910529    -0.00795
19910530    -0.01736
19910531    -0.01495
19910603    -0.02483
19910604     0.00424
19910605    -0.00282
19910606    -0.00141
19910607    -0.01839
19910610     0.00000
19910611     0.00144
19910612    -0.01871
19910613    -0.00440
19910614     0.00736
19910617    -0.00292
19910618    -0.00587
19910619    -0.01327
19910620     0.01495
19910621     0.00736
19910624    -0.01754
19910625    -0.00298
19910626    -0.01045
19910627     0.01508
19910628    -0.00743
19910701     0.01198
19910702    -0.01775
19910703    -0.01205
19910705     0.03049
19910708     0.00740
19910709     0.00587
19910710     0.01022
19910711     0.00723
19910712     0.00143
19910715    -0.00430
19910716     0.00863
19910717    -0.01284
19910718     0.01590
19910719    -0.00284
19910722     0.00143
19910723    -0.00712
19910724    -0.00430
19910725     0.00865
19910726     0.00429
19910729     0.02134
19910730     0.01253
19910731     0.00825
19910801    -0.00682
19910802     0.00549
19910805    -0.00410
19910806     0.01509
19910807     0.00270
19910808    -0.00674
19910809     0.00136
19910812    -0.00813
19910813     0.00820
19910814    -0.01057
19910815     0.00275
19910816    -0.02058
19910819    -0.02521
19910820     0.00287
19910821     0.03582
19910822     0.00830
19910823     0.01097
19910826     0.00271
19910827    -0.00541
19910828     0.01088
19910829     0.00135
19910830    -0.00134
19910903    -0.00942
19910904    -0.00951
19910905    -0.00823
19910906    -0.00553
19910909    -0.00556
19910910    -0.00979
19910911    -0.00282
19910912     0.01841
19910913    -0.00834
19910916     0.01262
19910917    -0.00554
19910918    -0.00418
19910919     0.00280
19910920    -0.01116
19910923     0.00423
19910924     0.01826
19910925    -0.00966
19910926    -0.00279
19910927    -0.01117
19910930    -0.00141
19911001     0.00424
19911002    -0.01408
19911003    -0.00429
19911004    -0.00430
19911007    -0.00144
19911008     0.00289
19911009    -0.00719
19911010     0.00145
19911011     0.00000
19911014     0.00724
19911015     0.01006
19911016     0.00853
19911017     0.01410
19911018     0.01252
19911021    -0.02335
19911022     0.04923
19911023     0.01072
19911024    -0.01459
19911025     0.00000
19911028     0.01750
19911029     0.00661
19911030     0.00131
19911031    -0.00131
19911101     0.00263
19911104     0.01311
19911105    -0.00388
19911106    -0.00390
19911107     0.00261
19911108    -0.00130
19911111     0.02083
19911112     0.01531
19911113    -0.00980
19911114     0.00764
19911115    -0.04678
19911118     0.02653
19911119    -0.01550
19911120    -0.01050
19911121     0.01061
19911122    -0.00394
19911125    -0.00659
19911126    -0.00265
19911127     0.01862
19911129     0.00653
19911202     0.02464
19911203     0.00886
19911204     0.01631
19911205    -0.01235
19911206     0.02625
19911209    -0.01583
19911210     0.03342
19911211    -0.01677
19911212     0.01096
19911213     0.00723
19911216     0.01675
19911217     0.00353
19911218    -0.00352
19911219     0.00353
19911220     0.01758
19911223     0.02074
19911224    -0.00226
19911226     0.01810
19911227     0.01111
19911230     0.01538
19911231    -0.00866
19920102    -0.01965
19920103    -0.00445
19920106     0.00895
19920107     0.01330
19920108     0.01860
19920109    -0.00215
19920110    -0.00969
19920113     0.00000
19920114    -0.01196
19920115    -0.04620
19920116    -0.03460
19920117     0.02509
19920120    -0.02098
19920121    -0.00833
19920122     0.03241
19920123    -0.00814
19920124     0.00586
19920127    -0.00932
19920128    -0.00706
19920129    -0.02133
19920130     0.02663
19920131     0.01415
19920203    -0.01395
19920204     0.01415
19920205     0.00465
19920206     0.00000
19920207    -0.01736
19920210     0.00353
19920211    -0.01620
19920212     0.01437
19920213    -0.02834
19920214    -0.01823
19920218    -0.03342
19920219     0.01024
19920220     0.01141
19920221    -0.00251
19920224     0.01256
19920225     0.00248
19920226     0.02475
19920227    -0.00604
19920228    -0.01580
19920302    -0.00370
19920303    -0.01115
19920304    -0.02005
19920305    -0.00512
19920306    -0.01157
19920309     0.01951
19920310    -0.01403
19920311    -0.00388
19920312    -0.00260
19920313     0.00000
19920316     0.01302
19920317     0.00129
19920318    -0.01284
19920319     0.00130
19920320    -0.00260
19920323    -0.01432
19920324     0.02378
19920325     0.00516
19920326     0.00642
19920327    -0.01786
19920330    -0.00649
19920331     0.01961
19920401     0.00641
19920402    -0.01146
19920403     0.01546
19920406    -0.00888
19920407    -0.01793
19920408     0.00522
19920409     0.01297
19920410     0.03201
19920413     0.00248
19920414     0.01238
19920415    -0.01711
19920416    -0.01119
19920420    -0.02642
19920421    -0.00775
19920422    -0.03125
19920423    -0.02285
19920424     0.01376
19920427     0.01628
19920428     0.00668
19920429     0.00265
19920430     0.00397
19920501     0.00922
19920504     0.01697
19920505    -0.00257
19920506    -0.02188
19920507     0.00789
19920508    -0.00392
19920511     0.01311
19920512    -0.01682
19920513     0.00616
19920514    -0.01445
19920515    -0.00667
19920518     0.00805
19920519     0.01465
19920520    -0.01181
19920521    -0.00133
19920522     0.00931
19920526    -0.02899
19920527     0.02442
19920528     0.03046
19920529    -0.00386
19920601     0.01161
19920602    -0.05740
19920603    -0.02436
19920604    -0.00139
19920605     0.00139
19920608     0.00416
19920609    -0.00276
19920610    -0.02493
19920611     0.02557
19920612    -0.00277
19920615    -0.01667
19920616    -0.00282
19920617    -0.02266
19920618     0.01449
19920619     0.01429
19920622     0.01690
19920623    -0.00554
19920624    -0.02507
19920625     0.00000
19920626     0.02286
19920629     0.01676
19920630    -0.01648
19920701     0.01955
19920702     0.00000
19920706     0.02466
19920707    -0.01070
19920708     0.02162
19920709    -0.00265
19920710    -0.00531
19920713     0.00000
19920714    -0.01333
19920715     0.00541
19920716     0.00538
19920717    -0.00802
19920720    -0.01078
19920721    -0.00545
19920722     0.00822
19920723    -0.00543
19920724     0.00546
19920727     0.02446
19920728     0.03448
19920729     0.00513
19920730     0.01276
19920731    -0.00756
19920803     0.01523
19920804    -0.00500
19920805     0.00000
19920806     0.00000
19920807     0.00251
19920810     0.00000
19920811    -0.01504
19920812    -0.00550
19920813    -0.00257
19920814     0.02320
19920817     0.01763
19920818     0.00743
19920819    -0.00491
19920820    -0.00741
19920821    -0.03731
19920824     0.01550
19920825     0.00000
19920826     0.02799
19920827    -0.00248
19920828    -0.00744
19920831    -0.01250
19920901     0.02025
19920902     0.00248
19920903     0.04208
19920904    -0.00475
19920908     0.00239
19920909    -0.00952
19920910     0.00721
19920911    -0.01193
19920914     0.00000
19920915    -0.02415
19920916     0.00743
19920917    -0.00737
19920918     0.01733
19920921     0.00000
19920922    -0.01460
19920923     0.00741
19920924    -0.00980
19920925    -0.05693
19920928    -0.00262
19920929     0.00263
19920930    -0.01050
19921001    -0.00796
19921002    -0.01872
19921005     0.00272
19921006    -0.02174
19921007     0.01111
19921008     0.03297
19921009    -0.00532
19921012     0.02941
19921013     0.00000
19921014    -0.00260
19921015     0.02083
19921016    -0.00510
19921019     0.00000
19921020     0.01026
19921021     0.02284
19921022    -0.00248
19921023    -0.01990
19921026     0.00761
19921027    -0.01008
19921028     0.00763
19921029     0.00253
19921030     0.00756
19921102     0.01500
19921103    -0.01970
19921104    -0.01256
19921105    -0.01781
19921106     0.01813
19921109     0.00254
19921110     0.00721
19921111     0.02025
19921112     0.00248
19921113    -0.01238
19921116    -0.00251
19921117     0.00251
19921118     0.01003
19921119    -0.00248
19921120     0.00498
19921123    -0.00495
19921124     0.02239
19921125     0.00000
19921127    -0.00730
19921130    -0.01225
19921201     0.00000
19921202    -0.00744
19921203     0.00500
19921204     0.01741
19921207     0.01711
19921208     0.00000
19921209    -0.01442
19921210     0.00488
19921211    -0.00971
19921214     0.00490
19921215    -0.00244
19921216     0.00978
19921217     0.02179
19921218     0.02133
19921221    -0.00928
19921222    -0.00468
19921223    -0.02824
19921224    -0.00242
19921228    -0.01699
19921229    -0.00494
19921230     0.00744
19921231    -0.00493
19930104    -0.01980
19930105    -0.02273
19930106    -0.03101
19930107    -0.02667
19930108     0.02466
19930111     0.00000
19930112     0.00267
19930113    -0.00267
19930114    -0.01070
19930115     0.01351
19930118    -0.00267
19930119    -0.02941
19930120     0.00826
19930121     0.00546
19930122    -0.00272
19930125    -0.01907
19930126    -0.03056
19930127     0.01433
19930128    -0.00847
19930129     0.00285
19930201     0.00000
19930202    -0.01136
19930203     0.04023
19930204     0.00829
19930205    -0.01370
19930208    -0.00278
19930209    -0.00045
19930210     0.01961
19930211    -0.01099
19930212     0.00000
19930216    -0.05278
19930217    -0.01466
19930218    -0.01190
19930219    -0.02108
19930222    -0.03692
19930223     0.02556
19930224     0.05296
19930225    -0.01479
19930226     0.02102
19930301     0.00882
19930302     0.01458
19930303    -0.02299
19930304    -0.02647
19930305    -0.02417
19930308     0.04954
19930309     0.01770
19930310     0.03768
19930311    -0.01397
19930312    -0.01133
19930315    -0.00287
19930316    -0.03448
19930317    -0.03869
19930318    -0.00310
19930319    -0.02484
19930322     0.00637
19930323     0.02848
19930324    -0.02769
19930325     0.03797
19930326    -0.03659
19930329     0.01266
19930330     0.05000
19930331     0.01488
19930401    -0.04399
19930402    -0.01534
19930405     0.03115
19930406    -0.03323
19930407    -0.00625
19930408    -0.03145
19930412     0.03896
19930413    -0.01563
19930414    -0.00317
19930415    -0.01274
19930416     0.01613
19930419     0.05397
19930420     0.02410
19930421    -0.00588
19930422    -0.03846
19930423    -0.01846
19930426    -0.00627
19930427     0.07886
19930428    -0.00292
19930429    -0.00587
19930430     0.02950
19930503     0.02865
19930504    -0.01950
19930505     0.01420
19930506    -0.02241
19930507    -0.00860
19930510     0.01445
19930511     0.02279
19930512    -0.02485
19930513    -0.02586
19930514     0.02065
19930517     0.01156
19930518     0.00000
19930519     0.02571
19930520     0.01393
19930521    -0.00824
19930524     0.00000
19930525    -0.01108
19930526     0.01681
19930527    -0.02479
19930528     0.00847
19930601     0.00280
19930602    -0.01117
19930603    -0.01412
19930604    -0.01719
19930607     0.00000
19930608     0.00292
19930609     0.00872
19930610     0.02594
19930611     0.00562
19930614     0.00279
19930615     0.00279
19930616     0.00556
19930617     0.01105
19930618    -0.06284
19930621    -0.00875
19930622    -0.02353
19930623    -0.01205
19930624     0.02134
19930625     0.00299
19930628    -0.01786
19930629     0.01818
19930630    -0.01190
19930701    -0.02711
19930702    -0.01238
19930706    -0.00627
19930707     0.00000
19930708     0.01262
19930709    -0.00935
19930712     0.00314
19930713     0.01881
19930714    -0.00308
19930715    -0.02160
19930716    -0.00946
19930719     0.00637
19930720     0.00633
19930721    -0.03774
19930722    -0.00654
19930723     0.00987
19930726    -0.00326
19930727    -0.00654
19930728    -0.00987
19930729    -0.02326
19930730    -0.00680
19930802     0.02397
19930803     0.01003
19930804    -0.00331
19930805    -0.01661
19930806     0.01351
19930809    -0.02000
19930810    -0.00680
19930811    -0.01685
19930812     0.02105
19930813     0.01375
19930816     0.01017
19930817     0.03356
19930818     0.03896
19930819     0.00938
19930820     0.01548
19930823    -0.01524
19930824    -0.00929
19930825    -0.00625
19930826     0.01572
19930827     0.00000
19930830     0.00310
19930831     0.00617
19930901    -0.00920
19930902     0.01238
19930903    -0.02446
19930907    -0.01254
19930908    -0.02540
19930909     0.00977
19930910     0.00000
19930913    -0.00323
19930914     0.01942
19930915    -0.00952
19930916    -0.00641
19930917     0.00968
19930920    -0.03195
19930921     0.02640
19930922     0.00965
19930923     0.00955
19930924    -0.01262
19930927     0.01278
19930928    -0.00946
19930929     0.00637
19930930    -0.00316
19931001    -0.00635
19931004    -0.01278
19931005     0.02265
19931006    -0.00316
19931007     0.00635
19931008    -0.00631
19931011     0.01270
19931012     0.00313
19931013     0.00625
19931014     0.01242
19931015     0.01227
19931018     0.00909
19931019    -0.00601
19931020     0.01813
19931021     0.01187
19931022    -0.02053
19931025     0.00599
19931026    -0.01190
19931027     0.00301
19931028     0.00300
19931029     0.00898
19931101     0.01484
19931102     0.00000
19931103     0.00000
19931104    -0.00877
19931105     0.00590
19931108     0.01173
19931109     0.00023
19931110     0.01458
19931111    -0.00862
19931112     0.00580
19931115     0.00576
19931116     0.01433
19931117    -0.00847
19931118     0.01425
19931119     0.00000
19931122     0.00562
19931123     0.00838
19931124    -0.00831
19931126    -0.01397
19931129     0.00283
19931130    -0.01412
19931201     0.00860
19931202     0.00568
19931203     0.01130
19931206     0.01397
19931207    -0.00551
19931208     0.00554
19931209    -0.02479
19931210    -0.01695
19931213    -0.01149
19931214    -0.00872
19931215     0.01466
19931216    -0.00578
19931217     0.00291
19931220    -0.01159
19931221     0.00000
19931222     0.00587
19931223     0.01458
19931227     0.02011
19931228     0.00563
19931229     0.00280
19931230     0.00559
19931231    -0.00278
19940103     0.00836
19940104    -0.00276
19940105    -0.00277
19940106    -0.01944
19940107     0.01133
19940110     0.01961
19940111    -0.02198
19940112    -0.00281
19940113    -0.01408
19940114     0.00000
19940117     0.00857
19940118    -0.01133
19940119    -0.01719
19940120    -0.02915
19940121     0.00601
19940124    -0.03582
19940125     0.01238
19940126     0.02446
19940127     0.01194
19940128     0.00295
19940131    -0.00294
19940201    -0.00590
19940202     0.01187
19940203    -0.00587
19940204    -0.00885
19940207    -0.00893
19940208     0.02402
19940209    -0.01736
19940210    -0.00601
19940211     0.01208
19940214     0.00597
19940215     0.00297
19940216    -0.01183
19940217    -0.01198
19940218     0.00606
19940222    -0.00602
19940223    -0.00606
19940224    -0.01220
19940225     0.00309
19940228    -0.01231
19940301     0.00623
19940302    -0.00310
19940303    -0.01242
19940304     0.00000
19940307    -0.00314
19940308     0.00315
19940309     0.00943
19940310    -0.01246
19940311     0.00000
19940314     0.00315
19940315     0.00314
19940316    -0.00940
19940317    -0.00316
19940318     0.00317
19940321     0.00000
19940322    -0.00949
19940323    -0.01597
19940324     0.00325
19940325     0.00000
19940328     0.00647
19940329    -0.02251
19940330    -0.02303
19940331     0.01684
19940404    -0.02318
19940405     0.00678
19940406    -0.01010
19940407     0.01020
19940408     0.00673
19940411     0.03679
19940412     0.01935
19940413     0.00633
19940414    -0.01887
19940415     0.00641
19940418    -0.00955
19940419     0.03859
19940420     0.00310
19940421     0.00926
19940422    -0.01529
19940425    -0.00311
19940426     0.00312
19940428     0.03416
19940429    -0.00601
19940502     0.01511
19940503    -0.00893
19940504     0.00300
19940505    -0.00898
19940506    -0.01511
19940509     0.00000
19940510     0.02147
19940511     0.02498
19940512    -0.00885
19940513     0.01190
19940516     0.00588
19940517     0.01170
19940518     0.00000
19940519     0.00289
19940520    -0.00288
19940523     0.01156
19940524    -0.00286
19940525     0.00860
19940526     0.00284
19940527     0.00850
19940531    -0.00562
19940601    -0.00565
19940602    -0.00568
19940603     0.00000
19940606    -0.02286
19940607     0.01754
19940608    -0.00287
19940609     0.01153
19940610    -0.01140
19940613     0.00576
19940614     0.00287
19940615    -0.00857
19940616     0.00865
19940617    -0.00286
19940620     0.00000
19940621     0.00573
19940622    -0.01140
19940623    -0.00288
19940624    -0.01445
19940627     0.00293
19940628     0.01170
19940629     0.00578
19940630    -0.01437
19940701     0.00000
19940705    -0.00292
19940706    -0.00877
19940707     0.00295
19940708     0.00588
19940711     0.00585
19940712    -0.00872
19940713    -0.00587
19940714     0.01475
19940715     0.01744
19940718    -0.00286
19940719     0.00000
19940720     0.02579
19940721     0.03631
19940722    -0.02156
19940725     0.03030
19940726    -0.00267
19940727     0.01609
19940728    -0.00792
19940729     0.00000
19940801     0.00000
19940802     0.00266
19940803     0.01857
19940804     0.01042
19940805    -0.01289
19940808    -0.00522
19940809     0.00525
19940810     0.01911
19940811    -0.01546
19940812     0.01832
19940815     0.01799
19940816     0.00000
19940817    -0.00505
19940818    -0.02284
19940819     0.01818
19940822     0.00255
19940823    -0.01018
19940824     0.01285
19940825    -0.00508
19940826     0.01020
19940829     0.00000
19940830    -0.00758
19940831     0.02036
19940901     0.00748
19940902    -0.00743
19940906    -0.00249
19940907    -0.01250
19940908     0.01013
19940909    -0.01253
19940912     0.00254
19940913     0.00506
19940914    -0.01259
19940915     0.01786
19940916     0.00000
19940919     0.00000
19940920    -0.01003
19940921     0.00000
19940922    -0.00759
19940923     0.00765
19940926    -0.00506
19940927     0.04326
19940928     0.00976
19940929    -0.01208
19940930     0.01222
19941003    -0.00725
19941004    -0.02433
19941005     0.00499
19941006     0.00248
19941007     0.00743
19941010    -0.00246
19941011     0.02709
19941012     0.00719
19941013     0.00476
19941014    -0.00711
19941017     0.01432
19941018     0.00000
19941019     0.02588
19941020     0.00688
19941021    -0.00456
19941024    -0.01144
19941025     0.00463
19941026     0.00230
19941027     0.00000
19941028     0.01379
19941031    -0.00907
19941101     0.02059
19941102    -0.00448
19941103    -0.01802
19941104    -0.03440
19941107     0.00950
19941108     0.03134
19941109     0.00459
19941110    -0.00228
19941111    -0.01144
19941114     0.01389
19941115    -0.00913
19941116     0.00000
19941117    -0.00230
19941118     0.01617
19941121    -0.01818
19941122    -0.02315
19941123     0.00474
19941125    -0.00236
19941128     0.00946
19941129     0.00000
19941130     0.00000
19941201     0.00234
19941202     0.00467
19941205    -0.00233
19941206     0.00000
19941207    -0.00233
19941208    -0.01636
19941209     0.00713
19941212     0.00472
19941213     0.00235
19941214     0.01874
19941215     0.00690
19941216     0.00913
19941219     0.00226
19941220    -0.01354
19941221    -0.00458
19941222     0.00460
19941223     0.01144
19941227     0.00452
19941228    -0.00676
19941229    -0.00227
19941230    -0.00455
19950103    -0.00457
19950104     0.00917
19950105    -0.00455
19950106    -0.00685
19950109    -0.01149
19950110     0.02093
19950111     0.00000
19950112    -0.00911
19950113    -0.00230
19950116     0.00922
19950117     0.00457
19950118    -0.00227
19950119    -0.00683
19950120     0.00000
19950123     0.02523
19950124    -0.01342
19950125    -0.00680
19950126     0.02055
19950127     0.02237
19950130     0.00875
19950131     0.00868
19950201    -0.02366
19950202     0.00220
19950203     0.00879
19950206     0.00654
19950207     0.00216
19950208    -0.00147
19950209    -0.01304
19950210     0.00661
19950213     0.00000
19950214    -0.00219
19950215    -0.00877
19950216     0.00000
19950217    -0.01549
19950221     0.00449
19950222     0.01566
19950223     0.00441
19950224     0.00219
19950227    -0.00438
19950228    -0.00220
19950301    -0.00220
19950302     0.02649
19950303    -0.00645
19950306     0.00433
19950307     0.00000
19950308     0.00216
19950309     0.00000
19950310     0.01505
19950313     0.02119
19950314     0.00000
19950315     0.01867
19950316     0.00407
19950317     0.01420
19950320    -0.00800
19950321    -0.00403
19950322    -0.00405
19950323    -0.00610
19950324     0.01227
19950327     0.00000
19950328    -0.00202
19950329    -0.02834
19950330     0.00000
19950331    -0.00833
19950403     0.00000
19950404     0.00630
19950405    -0.00365
19950406    -0.00681
19950407    -0.00422
19950410     0.01695
19950411     0.00208
19950412     0.00000
19950413     0.02495
19950417    -0.01826
19950418     0.03512
19950419     0.00200
19950420     0.00398
19950421     0.00397
19950424     0.01186
19950425    -0.00391
19950426     0.00588
19950427    -0.01170
19950428     0.02564
19950501    -0.00192
19950502     0.00193
19950503     0.01154
19950504     0.00570
19950505    -0.00945
19950508     0.01527
19950509     0.00000
19950510     0.00684
19950511     0.01313
19950512    -0.04074
19950515    -0.01737
19950516    -0.00196
19950517     0.01181
19950518    -0.03502
19950519     0.01008
19950522     0.01597
19950523     0.01768
19950524     0.00386
19950525    -0.00192
19950526    -0.01156
19950530     0.00000
19950531     0.03119
19950601     0.00567
19950602    -0.00940
19950605     0.00000
19950606     0.00759
19950607    -0.00188
19950608     0.00189
19950609    -0.00377
19950612     0.00189
19950613     0.01887
19950614     0.01111
19950615    -0.00733
19950616     0.01476
19950619     0.00727
19950620    -0.01264
19950621     0.01828
19950622     0.02154
19950623     0.00000
19950626    -0.02285
19950627    -0.02698
19950628     0.00924
19950629     0.00183
19950630    -0.01280
19950703     0.00278
19950705    -0.01754
19950706     0.01316
19950707    -0.03711
19950710     0.00578
19950711     0.01724
19950712    -0.00565
19950713     0.00758
19950714     0.00564
19950717     0.00561
19950718     0.02045
19950719     0.00546
19950720    -0.00543
19950721     0.00729
19950724     0.00904
19950725     0.00358
19950726     0.00714
19950727     0.01418
19950728     0.00350
19950731     0.00000
19950801    -0.00871
19950802    -0.00879
19950803    -0.00887
19950804     0.01073
19950807     0.00177
19950808    -0.00177
19950809    -0.00354
19950810    -0.00178
19950811    -0.01843
19950814     0.01275
19950815    -0.00719
19950816    -0.01449
19950817    -0.00735
19950818    -0.00185
19950821     0.00371
19950822     0.00555
19950823     0.00368
19950824    -0.00366
19950825     0.00000
19950828     0.01287
19950829     0.00181
19950830     0.00000
19950831     0.00000
19950901    -0.00362
19950905     0.00909
19950906     0.00180
19950907     0.00180
19950908     0.00180
19950911     0.00358
19950912    -0.00357
19950913     0.00717
19950914     0.02313
19950915    -0.00522
19950918    -0.00175
19950919     0.01051
19950920    -0.00693
19950921     0.02967
19950922    -0.01356
19950925     0.01546
19950926     0.00677
19950927     0.00336
19950928    -0.01508
19950929     0.00850
19951002    -0.00843
19951003     0.01701
19951004     0.01003
19951005     0.00000
19951006     0.02318
19951009    -0.00809
19951010    -0.00653
19951011     0.00000
19951012     0.00493
19951013     0.01471
19951016     0.00000
19951017    -0.00161
19951018     0.00806
19951019     0.01120
19951020     0.00949
19951023     0.01254
19951024     0.02477
19951025    -0.00906
19951026    -0.01982
19951027     0.00467
19951030     0.01084
19951031    -0.00153
19951101     0.00307
19951102    -0.00612
19951103    -0.01231
19951106    -0.00156
19951107     0.02028
19951108     0.00459
19951109    -0.00913
19951110    -0.01591
19951113     0.02508
19951114     0.01682
19951115     0.03308
19951116    -0.01892
19951117     0.00148
19951120    -0.00889
19951121     0.02093
19951122    -0.00732
19951124    -0.00295
19951127    -0.00148
19951128     0.01037
19951129     0.00880
19951130     0.00727
19951201    -0.00866
19951204     0.02183
19951205     0.01994
19951206     0.01397
19951207     0.00138
19951208    -0.00688
19951211    -0.00139
19951212     0.00693
19951213     0.00138
19951214     0.00688
19951215    -0.00137
19951218    -0.02462
19951219    -0.02384
19951220     0.00287
19951221     0.01289
19951222    -0.02122
19951226     0.00000
19951227     0.00434
19951228    -0.01007
19951229    -0.00581
19960102    -0.01462
19960103     0.04006
19960104    -0.00999
19960105     0.00000
19960108     0.01297
19960109     0.00569
19960110    -0.03253
19960111    -0.02047
19960112     0.02388
19960115     0.00875
19960116     0.00289
19960117     0.00720
19960118    -0.00715
19960119    -0.00432
19960122     0.00434
19960123     0.01153
19960124     0.06838
19960125    -0.00800
19960126     0.00269
19960129     0.01072
19960130     0.02255
19960131    -0.00389
19960201    -0.01693
19960202     0.01589
19960205     0.02086
19960206    -0.00766
19960207    -0.00129
19960208     0.01804
19960209     0.00380
19960212    -0.00252
19960213     0.00126
19960214    -0.01389
19960215    -0.02223
19960216    -0.01051
19960220    -0.01594
19960221     0.02429
19960222     0.00264
19960223    -0.01708
19960226     0.00267
19960227    -0.00267
19960228     0.00401
19960229    -0.00399
19960301     0.02674
19960304     0.00781
19960305    -0.00517
19960306    -0.00390
19960307     0.02477
19960308    -0.03308
19960311     0.00263
19960312    -0.01181
19960313    -0.01328
19960314    -0.00269
19960315     0.01484
19960318     0.00399
19960319    -0.01987
19960320     0.01351
19960321     0.00400
19960322     0.00398
19960325    -0.00926
19960326     0.01068
19960327    -0.01585
19960328    -0.00403
19960329    -0.00539
19960401     0.01084
19960402     0.02145
19960403    -0.01181
19960404     0.00531
19960408    -0.02642
19960409    -0.00950
19960410    -0.03288
19960411    -0.00850
19960412     0.01286
19960415     0.01269
19960416     0.01532
19960417    -0.00549
19960418     0.01103
19960419    -0.00819
19960422    -0.00963
19960423     0.00556
19960424    -0.00829
19960425     0.00418
19960426     0.00555
19960429     0.01379
19960430     0.00680
19960501     0.00270
19960502    -0.03504
19960503     0.00000
19960506     0.00279
19960507     0.00000
19960508     0.02368
19960509    -0.01088
19960510     0.00825
19960513     0.01091
19960514    -0.00135
19960515     0.01486
19960516     0.00399
19960517     0.01066
19960520     0.00395
19960521     0.00394
19960522     0.01438
19960523    -0.00515
19960524     0.01166
19960528    -0.00256
19960529    -0.01155
19960530     0.01558
19960531    -0.00384
19960603    -0.00385
19960604     0.01289
19960605     0.01018
19960606    -0.01008
19960607     0.00382
19960610     0.00760
19960611     0.00629
19960612     0.00000
19960613    -0.02250
19960614     0.00256
19960617    -0.00510
19960618    -0.01795
19960619     0.00261
19960620    -0.00260
19960621     0.00522
19960624     0.00519
19960625     0.02067
19960626     0.00000
19960627    -0.00506
19960628     0.00763
19960701     0.00253
19960702     0.00252
19960703    -0.00754
19960705    -0.02025
19960708    -0.00775
19960709    -0.01563
19960710     0.01587
19960711     0.00000
19960712    -0.01823
19960715    -0.02387
19960716     0.03533
19960717    -0.00262
19960718     0.03421
19960719     0.00509
19960722    -0.01013
19960723    -0.03069
19960724     0.00264
19960725    -0.00263
19960726     0.01583
19960729    -0.01039
19960730     0.01312
19960731    -0.01036
19960801     0.02880
19960802     0.01018
19960805     0.01511
19960806     0.00248
19960807     0.01980
19960808    -0.00485
19960809     0.00000
19960812     0.02683
19960813    -0.00238
19960814     0.01190
19960815     0.00000
19960816    -0.02466
19960819     0.00969
19960820    -0.00719
19960821     0.00242
19960822     0.00241
19960823    -0.01683
19960826    -0.01222
19960827     0.00743
19960828    -0.00983
19960829    -0.00993
19960830    -0.01253
19960903    -0.00254
19960904     0.00000
19960905    -0.01272
19960906     0.02577
19960909     0.00251
19960910    -0.01003
19960911    -0.00253
19960912     0.00000
19960913     0.01523
19960916     0.00250
19960917    -0.00249
19960918    -0.00750
19960919     0.00756
19960920     0.01000
19960923     0.00495
19960924    -0.00739
19960925    -0.00248
19960926     0.01493
19960927     0.00980
19960930    -0.00485
19961001    -0.00244
19961002     0.00244
19961003    -0.00488
19961004     0.01716
19961007     0.00241
19961008    -0.00240
19961009    -0.01205
19961010    -0.00732
19961011     0.01229
19961014     0.01942
19961015    -0.02381
19961016     0.00000
19961017     0.02195
19961018    -0.00955
19961021    -0.02169
19961022    -0.01970
19961023     0.00000
19961024    -0.02261
19961025    -0.02828
19961028     0.00794
19961029     0.01312
19961030    -0.00518
19961031     0.02604
19961101    -0.00254
19961104    -0.00509
19961105     0.02302
19961106     0.05000
19961107    -0.01905
19961108     0.00000
19961111     0.00000
19961112    -0.01214
19961113     0.00000
19961114     0.00000
19961115     0.00128
19961118    -0.00246
19961119     0.01975
19961120    -0.00484
19961121     0.01460
19961122     0.00240
19961125     0.02871
19961126    -0.00233
19961127    -0.00233
19961129    -0.00467
19961202    -0.00704
19961203    -0.02128
19961204     0.00483
19961205    -0.00721
19961206     0.00242
19961209     0.01208
19961210     0.00239
19961211    -0.01429
19961212    -0.02415
19961213    -0.01485
19961216    -0.01759
19961217    -0.00512
19961218     0.01028
19961219     0.03053
19961220    -0.01481
19961223     0.00000
19961224     0.00251
19961226     0.00250
19961227     0.00748
19961230     0.01238
19961231    -0.02689
19970102     0.00000
19970103     0.01005
19970106     0.00746
19970107     0.00247
19970108     0.00739
19970109     0.00733
19970110    -0.00728
19970113    -0.01711
19970114     0.01990
19970115     0.01707
19970116    -0.00959
19970117    -0.00484
19970120    -0.00730
19970121     0.04902
19970122     0.07243
19970123    -0.02179
19970124    -0.01782
19970127    -0.00907
19970128    -0.00458
19970129     0.01149
19970130     0.03409
19970131     0.01538
19970203    -0.00866
19970204     0.02838
19970205    -0.02548
19970206     0.02614
19970207     0.01486
19970210    -0.00209
19970211     0.00629
19970212     0.01458
19970213     0.01749
19970214    -0.00607
19970218     0.02240
19970219    -0.01793
19970220    -0.02231
19970221     0.00000
19970224     0.00830
19970225    -0.01235
19970226    -0.02083
19970227    -0.01915
19970228    -0.00217
19970303     0.01522
19970304    -0.01713
19970305     0.03486
19970306    -0.00421
19970307     0.02537
19970310     0.01031
19970311    -0.00612
19970312    -0.02053
19970313    -0.01468
19970314    -0.01489
19970317     0.00000
19970318    -0.00432
19970319    -0.00434
19970320    -0.00436
19970321    -0.00875
19970324     0.02208
19970325    -0.00648
19970326    -0.00652
19970327    -0.03501
19970331    -0.04082
19970401     0.03783
19970402    -0.00911
19970403    -0.00690
19970404     0.01157
19970407    -0.00229
19970408     0.00000
19970409    -0.01606
19970410     0.01399
19970411    -0.03908
19970414     0.01435
19970415     0.03774
19970416     0.01591
19970417    -0.01119
19970418     0.00905
19970421     0.02691
19970422     0.03057
19970423    -0.01695
19970424     0.00216
19970425     0.00000
19970428     0.02366
19970429     0.00840
19970430     0.01875
19970501    -0.02454
19970502     0.02935
19970505     0.01629
19970506    -0.01403
19970507    -0.01829
19970508    -0.00621
19970509     0.01875
19970512     0.01431
19970513     0.00403
19970514    -0.01606
19970515     0.00816
19970516    -0.02073
19970519     0.01660
19970520    -0.00612
19970521    -0.02464
19970522     0.00211
19970523     0.00630
19970527     0.00000
19970528    -0.00835
19970529    -0.00842
19970530     0.01911
19970602    -0.01042
19970603     0.00632
19970604    -0.00628
19970605    -0.00211
19970606     0.01477
19970609     0.02495
19970610     0.00406
19970611     0.03232
19970612     0.02544
19970613     0.01336
19970616    -0.00188
19970617    -0.01887
19970618    -0.01154
19970619     0.02335
19970620     0.00190
19970623    -0.02846
19970624     0.03711
19970625    -0.01789
19970626    -0.02013
19970627     0.00783
19970630     0.00000
19970701    -0.01942
19970702     0.00495
19970703     0.01182
19970707     0.00876
19970708     0.01158
19970709    -0.02767
19970710    -0.02061
19970711     0.01102
19970714    -0.00198
19970715    -0.01887
19970716     0.00405
19970717     0.00605
19970718    -0.03507
19970721     0.00831
19970722     0.03708
19970723    -0.00497
19970724    -0.01198
19970725    -0.00505
19970728    -0.01624
19970729     0.00826
19970730     0.00921
19970731     0.00811
19970801    -0.01710
19970804    -0.00205
19970805     0.00821
19970806     0.01322
19970807    -0.02510
19970808    -0.02266
19970811    -0.01686
19970812    -0.01286
19970813    -0.00869
19970814     0.03395
19970815    -0.04606
19970818     0.03567
19970819     0.01830
19970820     0.00740
19970821    -0.00735
19970822    -0.00740
19970825    -0.01597
19970826    -0.00974
19970827     0.01421
19970828    -0.01724
19970829    -0.00548
19970902     0.02977
19970903    -0.00749
19970904     0.01294
19970905    -0.00958
19970908    -0.01075
19970909     0.00326
19970910    -0.02600
19970911     0.00779
19970912     0.01545
19970915     0.00543
19970916     0.01622
19970917    -0.01596
19970918    -0.00108
19970919     0.01515
19970922     0.02772
19970923    -0.01660
19970924    -0.01055
19970925    -0.01812
19970926     0.00109
19970929     0.00651
19970930    -0.00539
19971001     0.00325
19971002     0.01188
19971003     0.01814
19971006     0.00314
19971007     0.02821
19971008    -0.00813
19971009    -0.00820
19971010    -0.00723
19971013     0.00937
19971014    -0.00309
19971015    -0.01758
19971016    -0.00842
19971017    -0.00955
19971020     0.01179
19971021     0.01377
19971022     0.00209
19971023    -0.02398
19971024    -0.00321
19971027    -0.05681
19971028     0.01818
19971029     0.02009
19971030    -0.01094
19971031     0.01549
19971103     0.02832
19971104     0.01907
19971105     0.00104
19971106     0.00000
19971107    -0.00623
19971110    -0.00209
19971111     0.01466
19971112    -0.03612
19971113     0.02677
19971114     0.04434
19971117     0.01703
19971118    -0.00690
19971119     0.00198
19971120     0.01782
19971121     0.01070
19971124    -0.01251
19971125    -0.00195
19971126    -0.02051
19971128     0.00399
19971201     0.02781
19971202    -0.00483
19971203     0.00194
19971204    -0.00194
19971205     0.01262
19971208     0.00000
19971209    -0.00288
19971210     0.01538
19971211    -0.01231
19971212    -0.01822
19971215     0.01563
19971216     0.00481
19971217     0.01627
19971218     0.00659
19971219    -0.00842
19971222     0.01038
19971223    -0.01307
19971224    -0.01514
19971226    -0.00288
19971229     0.00674
19971230     0.01435
19971231    -0.00566
19980102    -0.01233
19980105    -0.00096
19980106    -0.01538
19980107     0.00977
19980108     0.01161
19980109    -0.01147
19980112     0.02031
19980113     0.00664
19980114     0.00188
19980115    -0.01222
19980116     0.03140
19980120     0.02306
19980121    -0.01713
19980122    -0.01284
19980123    -0.00558
19980126     0.00467
19980127     0.00372
19980128    -0.00834
19980129     0.00000
19980130     0.00093
19980202     0.02801
19980203     0.00999
19980204    -0.01079
19980205     0.00182
19980206     0.01270
19980209    -0.01254
19980210     0.01270
19980211    -0.00806
19980212     0.00860
19980213    -0.00719
19980217     0.00633
19980218     0.01439
19980219     0.00089
19980220    -0.00709
19980223     0.02765
19980224     0.01563
19980225     0.01538
19980226     0.00168
19980227     0.01345
19980302    -0.00829
19980303    -0.00334
19980304    -0.01594
19980305    -0.01449
19980306     0.02249
19980309     0.00423
19980310     0.01095
19980311     0.01250
19980312     0.00082
19980313    -0.01151
19980316    -0.00333
19980317     0.00250
19980318    -0.00333
19980319    -0.00418
19980320     0.01678
19980323    -0.02063
19980324    -0.00421
19980325    -0.00931
19980326    -0.00683
19980327    -0.01634
19980330     0.00262
19980331     0.02441
19980401    -0.00085
19980402     0.03918
19980403     0.00984
19980406    -0.01055
19980407    -0.01231
19980408    -0.02076
19980409     0.01018
19980413    -0.00924
19980414    -0.01610
19980415    -0.01378
19980416    -0.02183
19980417     0.03661
19980420    -0.01637
19980421    -0.00876
19980422     0.00883
19980423    -0.00701
19980424    -0.00353
19980427    -0.01770
19980428    -0.00541
19980429     0.00272
19980430     0.03342
19980501    -0.01836
19980504     0.00801
19980505    -0.00530
19980506    -0.01510
19980507     0.00361
19980508     0.02246
19980511    -0.01406
19980512     0.01070
19980513     0.02205
19980514    -0.00345
19980515    -0.02165
19980518     0.00888
19980519    -0.00440
19980520     0.00707
19980521    -0.00351
19980522    -0.00617
19980526    -0.00887
19980527    -0.00626
19980528     0.00810
19980529    -0.01339
19980601    -0.00181
19980602    -0.00725
19980603    -0.01005
19980604     0.02399
19980605     0.03063
19980608    -0.01049
19980609     0.01855
19980610     0.01041
19980611     0.00086
19980612     0.00172
19980615    -0.02226
19980616     0.02277
19980617     0.01712
19980618     0.00842
19980619     0.01002
19980622    -0.01157
19980623     0.02174
19980624     0.01800
19980625    -0.01045
19980626     0.00000
19980629     0.00081
19980630    -0.03896
19980701    -0.01014
19980702     0.00597
19980706    -0.01781
19980707     0.03022
19980708    -0.02012
19980709    -0.00855
19980710    -0.00777
19980713    -0.00087
19980714     0.03394
19980715     0.02189
19980716     0.01977
19980717     0.00242
19980720    -0.00564
19980721    -0.01135
19980722     0.01803
19980723    -0.03382
19980724     0.02083
19980727     0.00571
19980728     0.00244
19980729     0.01619
19980730     0.01195
19980731    -0.02677
19980803    -0.02104
19980804    -0.02810
19980805     0.01956
19980806     0.00751
19980807     0.00579
19980810    -0.02058
19980811    -0.00504
19980812     0.01436
19980813     0.00916
19980814    -0.00660
19980817     0.01917
19980818    -0.00327
19980819    -0.00328
19980820    -0.00576
19980821     0.00828
19980824     0.00575
19980825    -0.00735
19980826     0.01151
19980827    -0.03821
19980828     0.00338
19980831    -0.06992
19980901     0.04891
19980902     0.00432
19980903     0.03009
19980904     0.01669
19980908     0.03695
19980909    -0.02930
19980910    -0.01305
19980911     0.00992
19980914     0.03437
19980915    -0.01187
19980916    -0.01521
19980917    -0.00813
19980918     0.00656
19980921     0.03339
19980922    -0.01340
19980923     0.01518
19980924    -0.00865
19980925    -0.01190
19980928     0.02811
19980929    -0.00859
19980930    -0.01340
19981001    -0.02396
19981002     0.00982
19981005     0.02998
19981006     0.00157
19981007    -0.02828
19981008    -0.01940
19981009     0.00247
19981012     0.00576
19981013     0.01717
19981014     0.02733
19981015     0.03443
19981016     0.00605
19981019    -0.00376
19981020    -0.01887
19981021    -0.00538
19981022     0.02862
19981023     0.00752
19981026    -0.02090
19981027    -0.00534
19981028    -0.00920
19981029     0.01933
19981030    -0.01062
19981102     0.00077
19981103     0.00766
19981104    -0.00380
19981105    -0.00229
19981106     0.00306
19981109     0.00305
19981110     0.01369
19981111    -0.00150
19981112     0.01503
19981113     0.00518
19981116     0.00739
19981117    -0.00440
19981118     0.01252
19981119     0.00800
19981120     0.02742
19981123    -0.01124
19981124    -0.03125
19981125    -0.02859
19981127    -0.00679
19981130    -0.01216
19981201    -0.00308
19981202    -0.00617
19981203    -0.01165
19981204     0.02749
19981207    -0.00153
19981208    -0.02527
19981209     0.00393
19981210    -0.00782
19981211     0.00710
19981214    -0.01175
19981215     0.02377
19981216    -0.00774
19981217    -0.00156
19981218    -0.00625
19981221    -0.03302
19981222     0.00163
19981223     0.02354
19981224     0.00714
19981228     0.01496
19981229     0.03957
19981230     0.00299
19981231    -0.00149
19990104    -0.01416
19990105     0.00378
19990106     0.01205
19990107    -0.00967
19990108     0.00075
19990111    -0.03679
19990112    -0.00468
19990113    -0.01410
19990114    -0.00794
19990115     0.02482
19990119     0.00547
19990120     0.00699
19990121    -0.01235
19990122    -0.01875
19990125     0.00318
19990126     0.04762
19990127     0.01364
19990128     0.01345
19990129     0.00442
19990201    -0.01689
19990202    -0.00896
19990203     0.01733
19990204    -0.00593
19990205     0.00149
19990208     0.00000
19990209    -0.01563
19990210     0.01361
19990211     0.01268
19990212     0.00000
19990216     0.02363
19990217    -0.01010
19990218     0.00656
19990219     0.00362
19990222     0.01515
19990223    -0.00640
19990224    -0.01860
19990225    -0.01531
19990226     0.01110
19990301     0.00073
19990302    -0.00439
19990303    -0.00441
19990304     0.02657
19990305     0.02372
19990308     0.00070
19990309    -0.01614
19990310    -0.00143
19990311     0.01500
19990312    -0.00281
19990315     0.02682
19990316    -0.00756
19990317    -0.00346
19990318    -0.00139
19990319     0.01392
19990322     0.00618
19990323    -0.01501
19990324     0.00485
19990325     0.01447
19990326    -0.00747
19990329     0.02875
19990330    -0.00931
19990331     0.00470
19990401     0.00668
19990405     0.00797
19990406    -0.00659
19990407     0.00663
19990408     0.02503
19990409     0.00771
19990412     0.01658
19990413    -0.01004
19990414    -0.03992
19990415    -0.02640
19990416     0.01017
19990419    -0.03087
19990420     0.06648
19990421     0.04675
19990422     0.01737
19990423    -0.00732
19990426    -0.01536
19990427     0.01747
19990428    -0.02391
19990429    -0.00817
19990430    -0.01203
19990503     0.00256
19990504    -0.02813
19990505    -0.01053
19990506     0.03856
19990507    -0.01536
19990510    -0.02861
19990511    -0.00602
19990512     0.02020
19990513     0.00594
19990514    -0.02199
19990517    -0.01211
19990518    -0.01499
19990519     0.03320
19990520     0.01740
19990521    -0.02632
19990524    -0.02162
19990525    -0.02970
19990526     0.02491
19990527     0.00278
19990528     0.02632
19990601     0.00000
19990602    -0.01012
19990603     0.02181
19990604     0.03202
19990607    -0.00776
19990608    -0.03322
19990609    -0.01011
19990610    -0.02519
19990611     0.01536
19990614    -0.00275
19990615     0.00069
19990616     0.00207
19990617     0.01169
19990618    -0.01292
19990621    -0.00758
19990622     0.00833
19990623    -0.00344
19990624     0.01174
19990625    -0.01024
19990628     0.00276
19990629     0.03439
19990630     0.04255
19990701    -0.00574
19990702     0.00000
19990706    -0.00577
19990707     0.01032
19990708    -0.02235
19990709     0.00392
19990712     0.01431
19990713    -0.00706
19990714    -0.00646
19990715     0.00650
19990716     0.00775
19990719    -0.01603
19990720     0.00521
19990721     0.01037
19990722     0.00962
19990723    -0.00572
19990726    -0.00575
19990727    -0.00514
19990728    -0.01034
19990729    -0.02611
19990730    -0.02346
19990802     0.00961
19990803     0.02447
19990804    -0.02322
19990805    -0.01291
19990806     0.01239
19990809     0.01224
19990810    -0.00873
19990811     0.00271
19990812     0.02432
19990813     0.03000
19990816     0.00257
19990817     0.00769
19990818    -0.02161
19990819    -0.00390
19990820     0.03262
19990823     0.02401
19990824     0.01851
19990825     0.02483
19990826    -0.01241
19990827    -0.02154
19990830     0.00183
19990831    -0.00122
19990901    -0.00733
19990902    -0.01478
19990903     0.01375
19990907     0.00432
19990908    -0.01289
19990909     0.00311
19990910    -0.01302
19990913    -0.00188
19990914    -0.01385
19990915    -0.00766
19990916    -0.01479
19990917     0.00326
19990920     0.00455
19990921    -0.02591
19990922    -0.00798
19990923    -0.02279
19990924    -0.01235
19990927     0.02222
19990928    -0.00543
19990929     0.00205
19990930     0.00204
19991001     0.02313
19991004     0.00532
19991005    -0.00331
19991006     0.00597
19991007    -0.00528
19991008     0.04775
19991011    -0.00380
19991012    -0.01652
19991013    -0.01486
19991014    -0.00721
19991015    -0.01387
19991018     0.01273
19991019     0.05556
19991020     0.02757
19991021     0.02256
19991022    -0.00060
19991025     0.00477
19991026     0.00059
19991027    -0.00950
19991028    -0.00300
19991029     0.00721
19991101     0.00298
19991102    -0.02439
19991103     0.01707
19991104     0.01019
19991105     0.00178
19991108    -0.01007
19991109    -0.00778
19991110    -0.00603
19991111     0.00789
19991112     0.00210
19991115    -0.00241
19991116     0.02536
19991117    -0.00471
19991118    -0.01183
19991119     0.00778
19991122     0.00119
19991123    -0.01246
19991124     0.00721
19991126    -0.01492
19991129     0.01817
19991130    -0.01249
19991201    -0.01205
19991202    -0.02500
19991203    -0.03315
19991206     0.00065
19991207    -0.03426
19991208    -0.02962
19991209     0.02914
19991210     0.01206
19991213    -0.02450
19991214     0.02308
19991215     0.00863
19991216    -0.00395
19991217     0.00264
19991220    -0.03162
19991221    -0.00952
19991222     0.00618
19991223     0.04369
19991227     0.02289
19991228    -0.01854
19991229    -0.03062
19991230     0.00538
19991231    -0.00267
20000103    -0.01139
20000104    -0.03661
20000105     0.01056
20000106     0.03552
20000107     0.03833
20000110    -0.02526
20000111     0.00332
20000112    -0.00927
20000113    -0.00134
20000114     0.00335
20000118    -0.02535
20000119     0.00342
20000120    -0.01091
20000121    -0.00828
20000124    -0.06885
20000125     0.01867
20000126    -0.02053
20000127    -0.03593
20000128     0.04969
20000131     0.01849
20000201    -0.01452
20000202     0.00663
20000203    -0.02416
20000204    -0.01425
20000207    -0.00837
20000208     0.00767
20000209    -0.02513
20000210    -0.02500
20000211    -0.00362
20000214     0.00242
20000215     0.02657
20000216     0.00157
20000217    -0.00783
20000218    -0.02210
20000222     0.01533
20000223    -0.03180
20000224    -0.03120
20000225    -0.03475
20000228     0.02195
20000229    -0.01031
20000301     0.01910
20000302     0.00426
20000303    -0.00254
20000306    -0.04082
20000307    -0.04433
20000308     0.05380
20000309     0.02377
20000310    -0.02494
20000313    -0.01235
20000314     0.03929
20000315     0.05756
20000316     0.03737
20000317    -0.00313
20000320    -0.00314
20000321     0.01182
20000322     0.02103
20000323    -0.02365
20000324    -0.10938
20000327    -0.02105
20000328     0.03226
20000329    -0.01302
20000330    -0.00440
20000331    -0.00707
20000403     0.02847
20000404     0.05882
20000405     0.01307
20000406    -0.03387
20000407    -0.01085
20000410     0.02616
20000411     0.02961
20000412    -0.01597
20000413    -0.00974
20000414    -0.03852
20000417     0.06053
20000418     0.04823
20000419     0.00920
20000420    -0.00760
20000424     0.02757
20000425     0.00522
20000426    -0.01853
20000427     0.00302
20000428    -0.00602
20000501     0.00227
20000502     0.01814
20000503    -0.01114
20000504    -0.00225
20000505     0.01129
20000508     0.04464
20000509    -0.00855
20000510    -0.01652
20000511     0.00584
20000512    -0.00654
20000515     0.00877
20000516     0.01232
20000517    -0.00286
20000518     0.01651
20000519     0.00644
20000522    -0.02113
20000523     0.00144
20000524     0.03376
20000525    -0.00695
20000526    -0.01330
20000530     0.00922
20000531     0.00632
20000601    -0.02025
20000602    -0.03635
20000605    -0.00592
20000606     0.00149
20000607    -0.00520
20000608     0.01419
20000609     0.01473
20000612    -0.01524
20000613     0.03979
20000614     0.01914
20000615     0.00834
20000616    -0.01172
20000619     0.00698
20000620    -0.01802
20000621     0.01482
20000622    -0.01460
20000623     0.01341
20000626     0.06407
20000627     0.02552
20000628     0.00064
20000629     0.00574
20000630     0.03361
20000703    -0.00798
20000705    -0.00247
20000706    -0.01116
20000707     0.00376
20000710     0.00125
20000711     0.00000
20000712    -0.02121
20000713    -0.02932
20000714    -0.03546
20000717     0.02791
20000718     0.00530
20000719    -0.01779
20000720    -0.01408
20000721     0.00408
20000724     0.02371
20000725    -0.00993
20000726    -0.03476
20000727     0.01801
20000728     0.01973
20000731    -0.00667
20000801     0.01948
20000802     0.01713
20000803     0.00777
20000804    -0.00707
20000807     0.00324
20000808    -0.00194
20000809    -0.01939
20000810     0.02769
20000811     0.00449
20000814    -0.00639
20000815    -0.01157
20000816     0.01821
20000817    -0.00894
20000818    -0.00250
20000821     0.00583
20000822     0.00773
20000823    -0.00831
20000824    -0.00709
20000825    -0.00844
20000828    -0.00720
20000829    -0.01847
20000830    -0.00538
20000831    -0.00608
20000901     0.00748
20000905     0.00675
20000906     0.00000
20000907     0.00201
20000908     0.01070
20000911     0.00596
20000912     0.01711
20000913     0.01035
20000914    -0.01729
20000915    -0.00912
20000918    -0.03090
20000919    -0.00339
20000920    -0.00817
20000921     0.03432
20000922     0.01924
20000925    -0.00130
20000926    -0.01499
20000927     0.00728
20000928    -0.01971
20000929     0.00737
20001002    -0.00798
20001003    -0.00738
20001004    -0.02365
20001005     0.03045
20001006    -0.00806
20001009    -0.01083
20001010     0.03628
20001011     0.01453
20001012     0.01042
20001013    -0.01224
20001016     0.01174
20001017     0.00129
20001018    -0.02898
20001019    -0.02653
20001020     0.00136
20001023    -0.00340
20001024     0.00137
20001025     0.02454
20001026    -0.00865
20001027    -0.00403
20001030     0.01752
20001031    -0.02384
20001101    -0.01221
20001102    -0.01236
20001103     0.02017
20001106     0.00409
20001107     0.00068
20001108     0.01425
20001109     0.00134
20001110     0.00935
20001113    -0.01456
20001114     0.01679
20001115     0.00396
20001116    -0.00855
20001117     0.01335
20001120     0.01117
20001121     0.01624
20001122    -0.01279
20001124    -0.01490
20001127     0.02433
20001128     0.02824
20001129     0.00125
20001130    -0.00249
20001201    -0.02250
20001204     0.01854
20001205    -0.00063
20001206    -0.03392
20001207     0.00975
20001208    -0.00708
20001211    -0.00778
20001212     0.01438
20001213     0.01740
20001214     0.00570
20001215    -0.00693
20001218     0.00000
20001219     0.00634
20001220     0.01449
20001221     0.00373
20001222     0.00495
20001226     0.00862
20001227     0.00611
20001228     0.01699
20001229     0.00298
20010102    -0.02915
20010103    -0.03186
20010104    -0.02152
20010105     0.01294
20010108    -0.00128
20010109     0.00703
20010110    -0.02603
20010111    -0.03585
20010112     0.02299
20010116    -0.00397
20010117    -0.02654
20010118     0.02522
20010119     0.00133
20010122     0.00199
20010123    -0.01723
20010124    -0.02293
20010125     0.01311
20010126     0.00204
20010129    -0.00367
20010130     0.00000
20010131     0.01670
20010201     0.00795
20010202     0.01310
20010205    -0.01230
20010206    -0.00543
20010207     0.01584
20010208    -0.00285
20010209     0.00370
20010212     0.03285
20010213    -0.01223
20010214    -0.01290
20010215    -0.01181
20010216     0.00350
20010220     0.01587
20010221     0.00916
20010222    -0.00402
20010223    -0.01067
20010226     0.00272
20010227     0.00209
20010228     0.01438
20010301     0.01798
20010302     0.00071
20010305    -0.00676
20010306    -0.01706
20010307    -0.02066
20010308     0.03238
20010309    -0.01195
20010312    -0.01810
20010313    -0.00843
20010314    -0.00956
20010315     0.00107
20010316    -0.01457
20010319    -0.00043
20010320    -0.01251
20010321    -0.03932
20010322     0.00653
20010323     0.00467
20010326    -0.03208
20010327    -0.02495
20010328     0.03640
20010329     0.02434
20010330    -0.01030
20010402    -0.00171
20010403    -0.01386
20010404     0.00929
20010405     0.02267
20010406     0.01699
20010409     0.00940
20010410     0.00866
20010411    -0.01293
20010412     0.00121
20010416     0.01814
20010417     0.01998
20010418    -0.00529
20010419    -0.01171
20010420    -0.00797
20010423    -0.00228
20010424     0.00664
20010425     0.01611
20010426     0.01649
20010427    -0.00178
20010430     0.01153
20010501     0.00332
20010502     0.00723
20010503    -0.00759
20010504     0.01033
20010507     0.00348
20010508    -0.00153
20010509     0.00306
20010510    -0.01028
20010511     0.00021
20010514     0.00545
20010515    -0.00726
20010516     0.02771
20010517     0.00912
20010518     0.00675
20010521    -0.00366
20010522    -0.01620
20010523    -0.01283
20010524    -0.00287
20010525    -0.00205
20010529     0.00195
20010530    -0.00349
20010531    -0.00154
20010601     0.01083
20010604     0.02184
20010605     0.02047
20010606     0.00890
20010607    -0.00039
20010608    -0.01019
20010611    -0.00627
20010612     0.00424
20010613    -0.00373
20010614     0.00394
20010615     0.02220
20010618    -0.00019
20010619     0.02402
20010620     0.00619
20010621    -0.01101
20010622    -0.01188
20010625    -0.01508
20010626    -0.00950
20010627    -0.00802
20010628     0.02959
20010629    -0.04215
20010702     0.02380
20010703    -0.00293
20010705    -0.00255
20010706    -0.00982
20010709     0.03392
20010710     0.00729
20010711     0.01886
20010712    -0.01215
20010713     0.00397
20010716     0.01282
20010717     0.02196
20010718    -0.00929
20010719    -0.00368
20010720     0.00535
20010723    -0.01633
20010724    -0.01660
20010725    -0.00019
20010726     0.00930
20010727    -0.00338
20010730    -0.00170
20010731     0.02230
20010801    -0.00555
20010802    -0.01134
20010803     0.00733
20010806    -0.00411
20010807     0.01162
20010808    -0.00500
20010809     0.00279
20010810     0.02154
20010813     0.01236
20010814     0.02316
20010815     0.00018
20010816    -0.03702
20010817    -0.01749
20010820     0.02047
20010821    -0.01003
20010822     0.00884
20010823    -0.00256
20010824    -0.00073
20010827    -0.00458
20010828    -0.00883
20010829    -0.01095
20010830    -0.00357
20010831    -0.00716
20010904     0.06526
20010905     0.00160
20010906     0.01245
20010907    -0.02125
20010910    -0.00197
20010917     0.00360
20010918    -0.02365
20010919    -0.01761
20010920    -0.02223
20010921    -0.00210
20010924     0.00325
20010925     0.01011
20010926     0.02248
20010927     0.00647
20010928     0.01689
20011001     0.00036
20011002    -0.00776
20011003    -0.01309
20011004     0.00332
20011005     0.01910
20011008     0.00505
20011009    -0.00592
20011010     0.01082
20011011    -0.01963
20011012     0.00746
20011015     0.00668
20011016     0.01884
20011017     0.01761
20011018     0.00537
20011019     0.00585
20011022     0.00941
20011023    -0.00203
20011024     0.00697
20011025    -0.00489
20011026    -0.00509
20011029    -0.00187
20011030    -0.01212
20011031     0.00104
20011101     0.01658
20011102     0.00187
20011105    -0.00848
20011106     0.00889
20011107    -0.00424
20011108     0.00426
20011109     0.00949
20011112    -0.00907
20011113     0.01067
20011114     0.00704
20011115    -0.00117
20011116     0.00167
20011119    -0.00033
20011120     0.01469
20011121     0.00115
20011123     0.00197
20011126    -0.00771
20011127    -0.00810
20011128    -0.00033
20011129    -0.02517
20011130    -0.00393
20011203     0.00103
20011204    -0.01852
20011205    -0.01101
20011206    -0.01643
20011207     0.01760
20011210    -0.01995
20011211     0.01117
20011212    -0.00160
20011213     0.00321
20011214     0.00124
20011217     0.00266
20011218     0.00602
20011219     0.01602
20011220     0.01057
20011221     0.02401
20011224    -0.00419
20011226     0.00353
20011227     0.00587
20011228    -0.00267
20011231    -0.01270
20020102    -0.00677
20020103    -0.00034
20020104    -0.00920
20020107    -0.00464
20020108    -0.00657
20020109    -0.01009
20020110     0.02407
20020111    -0.00086
20020114     0.01185
20020115     0.00424
20020116     0.00693
20020117     0.00420
20020118    -0.00217
20020122    -0.00972
20020123    -0.00575
20020124    -0.01259
20020125    -0.00672
20020128     0.00278
20020129    -0.01090
20020130     0.00035
20020131     0.00542
20020201     0.00156
20020204    -0.02240
20020205    -0.01438
20020206     0.00685
20020207     0.01092
20020208     0.00690
20020211     0.00299
20020212     0.00438
20020213     0.01379
20020214    -0.01050
20020215    -0.00105
20020219    -0.00559
20020220     0.02108
20020221    -0.00206
20020222     0.02414
20020225     0.00505
20020226     0.00519
20020227     0.00367
20020228     0.01112
20020301     0.01970
20020304    -0.00290
20020305    -0.00985
20020306     0.01974
20020307     0.01759
20020308     0.00063
20020311     0.00236
20020312    -0.00251
20020313     0.00393
20020314     0.00751
20020315     0.00342
20020318     0.00093
20020319     0.01284
20020320    -0.01527
20020321     0.00481
20020322     0.00077
20020325    -0.00771
20020326     0.00559
20020327     0.00665
20020328    -0.00292
20020401    -0.00523
20020402    -0.00248
20020403    -0.00667
20020404    -0.00843
20020405    -0.00677
20020408     0.00523
20020409    -0.00600
20020410     0.00698
20020411    -0.01166
20020412    -0.00048
20020415    -0.00814
20020416     0.01770
20020417    -0.01170
20020418     0.02831
20020419     0.00311
20020422    -0.01783
20020423    -0.00853
20020424     0.01290
20020425    -0.00330
20020426     0.00331
20020429    -0.01100
20020430     0.01510
20020501     0.00141
20020502     0.00391
20020503    -0.01199
20020506    -0.02097
20020507    -0.02705
20020508     0.00794
20020509     0.00772
20020510     0.00782
20020513    -0.00016
20020514    -0.01294
20020515    -0.01311
20020516     0.00515
20020517     0.01858
20020520    -0.01659
20020521     0.00314
20020522     0.02243
20020523    -0.00403
20020524    -0.00567
20020528    -0.00309
20020529     0.00245
20020530     0.00016
20020531    -0.00033
20020603    -0.02119
20020604    -0.01082
20020605     0.00354
20020606    -0.01443
20020607    -0.00749
20020610     0.01183
20020611    -0.02559
20020612    -0.00435
20020613     0.00297
20020614    -0.01028
20020617     0.01109
20020618    -0.01723
20020619    -0.00159
20020620    -0.02359
20020621    -0.03706
20020624     0.02132
20020625    -0.01459
20020626     0.01500
20020627     0.00499
20020628    -0.03951
20020701    -0.03368
20020702     0.02198
20020703     0.02596
20020705     0.03097
20020708    -0.01850
20020709    -0.01792
20020710    -0.04409
20020711     0.01352
20020712    -0.00942
20020715    -0.02970
20020716     0.02245
20020717     0.02275
20020718    -0.02947
20020719    -0.15846
20020722     0.01625
20020723     0.03644
20020724     0.08212
20020725     0.02096
20020726     0.01869
20020729     0.03326
20020730    -0.00624
20020731     0.04044
20020801    -0.02981
20020802     0.01614
20020805    -0.04115
20020806     0.01956
20020807     0.02800
20020808     0.03923
20020809    -0.00110
20020812     0.00128
20020813    -0.02217
20020814     0.03991
20020815     0.00847
20020816    -0.00795
20020819     0.01048
20020820    -0.01789
20020821    -0.00018
20020822     0.02387
20020823    -0.02456
20020826     0.01623
20020827    -0.01723
20020828    -0.00712
20020829    -0.00368
20020830     0.00277
20020903    -0.03001
20020904     0.03151
20020905     0.00147
20020906     0.00919
20020909     0.00510
20020910     0.00344
20020911     0.00162
20020912    -0.02722
20020913     0.00315
20020916     0.01404
20020917    -0.02386
20020918     0.00485
20020919    -0.03510
20020920     0.00654
20020923     0.01052
20020924     0.01438
20020925     0.00075
20020926     0.03523
20020927    -0.00792
20020930    -0.01851
20021001     0.04105
20021002     0.03552
20021003    -0.00549
20021004    -0.01776
20021007    -0.00439
20021008     0.03157
20021009    -0.03915
20021010     0.01068
20021011    -0.00176
20021014     0.01993
20021015     0.02992
20021016    -0.01108
20021017     0.02207
20021018    -0.01412
20021021     0.02965
20021022    -0.02111
20021023    -0.03126
20021024    -0.00414
20021025     0.00087
20021028    -0.00848
20021029    -0.01781
20021030     0.01867
20021031     0.02531
20021101    -0.00272
20021104     0.00205
20021105     0.02010
20021106     0.00634
20021107    -0.00630
20021108     0.00634
20021111    -0.00448
20021112     0.00033
20021113    -0.00150
20021114     0.00884
20021115    -0.00174
20021118    -0.01779
20021119    -0.00474
20021120     0.02041
20021121    -0.00867
20021122    -0.01564
20021125     0.00154
20021126    -0.03803
20021127     0.02358
20021129    -0.01247
20021202    -0.02315
20021203     0.00233
20021204     0.01612
20021205    -0.01516
20021206    -0.01074
20021209     0.00525
20021210     0.00540
20021211     0.00555
20021212    -0.01994
20021213    -0.00254
20021216     0.01220
20021217    -0.01637
20021218    -0.01774
20021219    -0.00540
20021220     0.02078
20021223    -0.00037
20021224     0.00734
20021226    -0.01894
20021227    -0.01392
20021230     0.01262
20021231    -0.00130
20030102     0.03016
20030103     0.02675
20030106     0.00951
20030107    -0.02249
20030108    -0.00589
20030109     0.02010
20030110     0.00616
20030113    -0.02028
20030114     0.00571
20030115    -0.02413
20030116    -0.00582
20030117     0.00201
20030121    -0.01460
20030122     0.00019
20030123     0.01481
20030124    -0.02172
20030127    -0.02667
20030128     0.01648
20030129    -0.01207
20030130    -0.01641
20030131     0.04016
20030203    -0.00504
20030204    -0.01087
20030205    -0.01251
20030206     0.00038
20030207    -0.00537
20030210     0.00386
20030211    -0.00077
20030212    -0.03846
20030213     0.03030
20030214     0.00858
20030218     0.02531
20030219    -0.00923
20030220    -0.01236
20030221     0.03005
20030224    -0.01963
20030225     0.00629
20030226    -0.01782
20030227     0.01853
20030228    -0.00625
20030303    -0.00038
20030304    -0.01411
20030305     0.02167
20030306     0.00928
20030307     0.03752
20030310    -0.02116
20030311     0.00647
20030312     0.00367
20030313     0.01463
20030314    -0.00523
20030317     0.02174
20030318     0.00692
20030319     0.00933
20030320     0.00140
20030321     0.02230
20030324    -0.03273
20030325     0.00582
20030326    -0.00736
20030327     0.00529
20030328     0.00737
20030331     0.00854
20030401     0.00950
20030402    -0.00017
20030403    -0.01626
20030404     0.00661
20030407    -0.00882
20030408     0.00297
20030409    -0.00417
20030410    -0.00087
20030411     0.00297
20030414     0.00697
20030415    -0.03115
20030416    -0.02840
20030417     0.01140
20030421     0.00636
20030422     0.01319
20030423     0.01266
20030424     0.01232
20030425    -0.02243
20030428     0.01423
20030429    -0.00210
20030430    -0.00932
20030501    -0.00071
20030502     0.00568
20030505    -0.00318
20030506     0.00106
20030507     0.00867
20030508    -0.01000
20030509    -0.00177
20030512    -0.00319
20030513    -0.01175
20030514    -0.00270
20030515     0.00163
20030516     0.01515
20030519    -0.02516
20030520    -0.01172
20030521    -0.01000
20030522    -0.00131
20030523    -0.00543
20030527     0.00622
20030528     0.00449
20030529    -0.00503
20030530     0.01798
20030602    -0.02079
20030603     0.01184
20030604     0.00390
20030605    -0.03774
20030606     0.01403
20030609    -0.00057
20030610    -0.00152
20030611     0.00684
20030612     0.00509
20030613    -0.01333
20030616     0.02169
20030617     0.01974
20030618     0.00347
20030619    -0.00983
20030620     0.00074
20030623    -0.02020
20030624    -0.01406
20030625    -0.00247
20030626    -0.00324
20030627    -0.01453
20030630     0.00310
20030701     0.01393
20030702     0.00916
20030703     0.00170
20030707    -0.00019
20030708    -0.00944
20030709    -0.01067
20030710    -0.01290
20030711     0.01229
20030714     0.03315
20030715    -0.01959
20030716     0.00095
20030717    -0.00627
20030718     0.00899
20030721    -0.02579
20030722     0.00740
20030723     0.00966
20030724    -0.01072
20030725     0.01025
20030728    -0.01474
20030729    -0.01613
20030730     0.00869
20030731     0.01410
20030801    -0.02626
20030804     0.00337
20030805    -0.01621
20030806     0.00864
20030807     0.03167
20030808    -0.00097
20030811    -0.00135
20030812    -0.00813
20030813    -0.00527
20030814     0.00020
20030815     0.00569
20030818    -0.01234
20030819    -0.00714
20030820    -0.00060
20030821    -0.01259
20030822     0.00283
20030825     0.00061
20030826     0.00202
20030827    -0.00825
20030828    -0.00244
20030829     0.00895
20030902     0.00847
20030903     0.00480
20030904     0.01752
20030905    -0.01213
20030908     0.01584
20030909    -0.00097
20030910     0.01541
20030911     0.00404
20030912    -0.01187
20030915    -0.01530
20030916     0.00020
20030917    -0.01239
20030918     0.01035
20030919    -0.00847
20030922    -0.00258
20030923    -0.00319
20030924    -0.01140
20030925     0.00162
20030926    -0.00707
20030929     0.01383
20030930    -0.00682
20031001     0.01515
20031002     0.00060
20031003    -0.00378
20031006     0.00100
20031007    -0.00120
20031008    -0.00639
20031009    -0.00783
20031010    -0.00304
20031013     0.01117
20031014     0.02290
20031015    -0.00844
20031016     0.00376
20031017    -0.00552
20031020     0.00436
20031021     0.00435
20031022    -0.01849
20031023     0.00781
20031024     0.00099
20031027    -0.00854
20031028     0.01242
20031029    -0.02097
20031030     0.00000
20031031     0.01718
20031103    -0.01093
20031104    -0.01266
20031105     0.00000
20031106     0.00041
20031107    -0.00732
20031110    -0.00164
20031111     0.00718
20031112     0.00856
20031113     0.01697
20031114     0.04013
20031117    -0.00863
20031118     0.00523
20031119     0.00616
20031120    -0.01473
20031121    -0.01185
20031124     0.01179
20031125    -0.01535
20031126    -0.01953
20031128    -0.00805
20031201     0.00406
20031202    -0.01111
20031203     0.00429
20031204     0.00346
20031205    -0.00345
20031208     0.01404
20031209     0.00321
20031210     0.00480
20031211    -0.00498
20031212    -0.01220
20031215     0.00142
20031216    -0.00081
20031217    -0.00142
20031218     0.01256
20031219     0.00260
20031222     0.00758
20031223     0.00139
20031224     0.00356
20031226    -0.00217
20031229     0.01245
20031230     0.00234
20031231     0.00565
