19460228    -0.07792
19460330     0.01859
19460430    -0.10000
19460531     0.20988
19460628     0.00513
19460731     0.07653
19460830    -0.04550
19460930    -0.02750
19461031    -0.01542
19461130     0.06736
19461231     0.18571
19470131    -0.03236
19470228    -0.07918
19470331    -0.00943
19470430     0.03810
19470529     0.03394
19470630     0.07143
19470731     0.00833
19470829    -0.03554
19470930     0.13793
19471031    -0.01515
19471129    -0.02308
19471231     0.11111
19480131    -0.12143
19480228    -0.06504
19480331     0.07895
19480430     0.09756
19480528     0.05185
19480630     0.00621
19480730    -0.03436
19480831    -0.01460
19480930    -0.08955
19481030     0.13320
19481130    -0.13056
19481231     0.13235
19490131     0.03525
19490228     0.03907
19490331     0.03826
19490430    -0.02848
19490531     0.00483
19490630    -0.01730
19490729     0.02817
19490831     0.14315
19490930     0.01511
19491031     0.04762
19491130     0.00653
19491231     0.13798
19500131    -0.00250
19500228    -0.01805
19500331     0.02828
19500429     0.14000
19500531     0.10702
19500630    -0.13147
19500731    -0.10092
19500831     0.10000
19500929     0.05607
19501031     0.09735
19501130     0.21774
19501230     0.03667
19510131     0.08039
19510228    -0.09821
19510331     0.03654
19510430     0.18269
19510531    -0.01897
19510629    -0.01667
19510731     0.05650
19510831    -0.05348
19510928    -0.07670
19511031     0.09538
19511130     0.00281
19511231     0.08732
19520131    -0.06736
19520229    -0.07222
19520331    -0.02108
19520430    -0.01231
19520529     0.05607
19520630     0.00297
19520731     0.01183
19520829    -0.02924
19520930     0.00000
19521031     0.01515
19521128     0.05373
19521231     0.09117
19530130    -0.04961
19530227    -0.01374
19530331    -0.02521
19530430     0.01724
19530529     0.05085
19530630     0.02432
19530731     0.02902
19530831    -0.09487
19530930     0.06838
19531030     0.06667
19531130     0.17500
19531231    -0.00855
19540129    -0.04310
19540226     0.02568
19540331     0.09492
19540430     0.07863
19540528     0.05121
19540630    -0.03571
19540730     0.01111
19540831    -0.03516
19540930     0.09542
19541029    -0.03136
19541130     0.08058
19541231     0.15050
19550131    -0.02035
19550228     0.07596
19550331     0.03047
19550429    -0.03226
19550531     0.08778
19550630     0.15128
19550729    -0.04009
19550831    -0.05893
19550930     0.02475
19551031    -0.03623
19551130     0.07719
19551230     0.04673
19560131    -0.05357
19560229     0.14222
19560329     0.15233
19560430     0.02518
19560531    -0.04211
19560629     0.08824
19560731    -0.00338
19560831    -0.05593
19560928    -0.08829
19561031     0.01976
19561130     0.01163
19561231     0.03269
19570131    -0.07635
19570228    -0.01935
19570329     0.07025
19570430     0.10425
19570531     0.09510
19570628     0.14904
19570731    -0.00139
19570830    -0.06229
19570930    -0.02242
19571031    -0.05505
19571129     0.09773
19571231    -0.08136
19580131     0.00483
19580228    -0.02981
19580331     0.02554
19580430    -0.02110
19580529     0.06534
19580630     0.00156
19580731     0.13573
19580829     0.03297
19580930    -0.01330
19581031     0.06523
19581128     0.05330
19581231     0.10000
19590130     0.04053
19590227     0.06400
19590331     0.03968
19590430     0.12023
19590529    -0.04702
19590630     0.06810
19590731    -0.01174
19590831    -0.03803
19590930    -0.00796
19591030     0.04371
19591130     0.15145
19591231     0.04762
19600129    -0.08097
19600229     0.15317
19600331    -0.04768
19600429     0.08886
19600531     0.09819
19600630     0.10993
19600729    -0.05431
19600831    -0.01824
19600930    -0.09655
19601031    -0.02290
19601130     0.07070
19601230     0.08044
19610131     0.01354
19610228     0.10551
19610330     0.00454
19610428     0.01657
19610531    -0.03081
19610630    -0.01225
19610731    -0.05271
19610831     0.00393
19610929    -0.03922
19611031    -0.01190
19611130     0.00757
19611229    -0.08048
19620131    -0.01676
19620228     0.01439
19620330     0.04494
19620430    -0.08961
19620531    -0.13071
19620629    -0.14773
19620731     0.08533
19620831     0.06536
19620928    -0.10185
19621031    -0.02577
19621130     0.15767
19621231    -0.02752
19630131     0.13443
19630228    -0.03160
19630329     0.00647
19630430     0.05139
19630531    -0.03096
19630628    -0.03586
19630731     0.03939
19630830     0.06484
19630930    -0.03175
19631031     0.08811
19631129    -0.00979
19631231    -0.01336
19640131     0.06770
19640228    -0.02174
19640331    -0.03903
19640430    -0.03675
19640528    -0.04016
19640630    -0.01261
19640731     0.02128
19640831    -0.03750
19640930    -0.01522
19641030     0.05960
19641130    -0.03750
19641231    -0.03696
19650129     0.15124
19650226    -0.03490
19650331     0.00000
19650430     0.00000
19650528    -0.01796
19650630    -0.03758
19650730    -0.05206
19650831     0.00961
19650930     0.08200
19651029     0.05684
19651130     0.06614
19651231     0.02064
19660131     0.01471
19660228    -0.02101
19660331    -0.01859
19660429     0.13258
19660531     0.00401
19660630    -0.01171
19660729     0.09645
19660831    -0.07037
19660930     0.03000
19661031    -0.01780
19661130     0.05832
19661230    -0.02500
19670131     0.08974
19670228     0.02735
19670331     0.06034
19670428    -0.05691
19670531    -0.02069
19670630    -0.04860
19670731     0.05263
19670831    -0.01971
19670929     0.07831
19671031    -0.00140
19671130     0.02322
19671229     0.03704
19680131    -0.06878
19680229    -0.05270
19680329     0.04217
19680430     0.17052
19680531     0.10605
19680628    -0.04367
19680730    -0.06557
19680830     0.06253
19680930    -0.02249
19681031     0.04964
19681129     0.05294
19681231    -0.08022
19690131    -0.05257
19690228    -0.03506
19690328     0.08005
19690430     0.01337
19690529     0.03261
19690630    -0.05828
19690731     0.00990
19690829     0.06275
19690930     0.00347
19691031     0.05190
19691128    -0.00417
19691231    -0.03094
19700130    -0.08438
19700227     0.09029
19700331    -0.04128
19700430    -0.10287
19700529    -0.09400
19700630    -0.10651
19700731     0.06954
19700831     0.09365
19700930     0.00569
19701030     0.00141
19701130     0.02048
19701231     0.10153
19710129     0.00000
19710226     0.05265
19710331     0.08675
19710430     0.01552
19710528    -0.00033
19710630     0.06798
19710730    -0.05339
19710831     0.03980
19710930     0.02513
19711029    -0.01941
19711130     0.02052
19711231     0.10656
19720131    -0.00556
19720229     0.05200
19720330     0.04707
19720428    -0.04326
19720531     0.09118
19720630    -0.00570
19720731     0.08197
19720831    -0.02890
19720929     0.00000
19721031     0.03912
19721130     0.02549
19721229     0.00884
19730131    -0.01606
19730228    -0.03561
19730330     0.04321
19730430    -0.07544
19730531     0.06240
19730629     0.01208
19730731     0.02090
19730831     0.00906
19730928     0.04070
19731031    -0.03352
19731130    -0.09364
19731231    -0.00160
19740131    -0.02564
19740228     0.01398
19740329    -0.03257
19740430    -0.03704
19740531    -0.00787
19740628     0.04071
19740731    -0.11565
19740830    -0.07212
19740930    -0.18333
19741031     0.25765
19741129    -0.13895
19741231    -0.12559
19750131    -0.00271
19750228     0.18125
19750331    -0.05556
19750430     0.17402
19750530     0.10376
19750630     0.02281
19750731    -0.14870
19750829    -0.03122
19750930    -0.07483
19751031     0.12990
19751128     0.07093
19751231    -0.09572
19760130     0.12838
19760227    -0.08004
19760331     0.12009
19760430    -0.03509
19760528    -0.10525
19760630     0.01136
19760730     0.08539
19760831     0.03085
19760930     0.04040
19761029    -0.06408
19761130    -0.04793
19761231    -0.00658
19770131    -0.10817
19770228     0.01832
19770331    -0.01716
19770429    -0.03242
19770531    -0.00155
19770630     0.02865
19770729     0.01519
19770831     0.04838
19770930    -0.02878
19771031    -0.05185
19771130     0.01667
19771230     0.00258
19780131    -0.03351
19780228    -0.02667
19780331    -0.03047
19780428     0.16857
19780531     0.05379
19780630     0.03044
19780731     0.08636
19780831     0.04603
19780929    -0.06048
19781031    -0.01931
19781130     0.04814
19781229     0.06316
19790131    -0.01782
19790228    -0.08105
19790330     0.02661
19790430    -0.03240
19790531    -0.00045
19790629     0.01806
19790731    -0.05765
19790831     0.06306
19790928    -0.07383
19791031    -0.03382
19791130     0.00450
19791231     0.01259
19800131    -0.01493
19800229     0.02424
19800331    -0.00500
19800430     0.06030
19800530     0.04171
19800630    -0.02074
19800731     0.10588
19800829    -0.00298
19800930     0.03024
19801031    -0.06289
19801128     0.09754
19801231    -0.02680
19810130    -0.01483
19810227     0.09247
19810331     0.00598
19810430    -0.04158
19810529    -0.05785
19810630     0.02222
19810731    -0.05652
19810831    -0.03917
19810930    -0.02676
19811030    -0.00750
19811130     0.10831
19811231     0.00461
19820129     0.02982
19820226    -0.00802
19820331    -0.00683
19820430     0.00688
19820528    -0.04920
19820630     0.03650
19820730    -0.00235
19820831     0.17271
19820930     0.03455
19821029     0.14342
19821130     0.02990
19821231     0.01180
19830131     0.00333
19830228     0.04917
19830331     0.00000
19830429     0.08800
19830531     0.03029
19830630    -0.03458
19830729    -0.05075
19830831    -0.00377
19830930     0.06061
19831031     0.02256
19831130     0.01706
19831230    -0.03650
19840131    -0.06061
19840229    -0.01645
19840330    -0.03483
19840430     0.03952
19840531     0.00132
19840629     0.03005
19840731    -0.01783
19840831     0.10033
19840928    -0.08333
19841031     0.07603
19841130    -0.02796
19841231     0.00479
19850131     0.07313
19850228    -0.01778
19850329     0.00305
19850430    -0.06383
19850531    -0.01461
19850628     0.04000
19850731     0.02564
19850830    -0.03281
19850930    -0.00654
19851031     0.02303
19851129     0.09646
19851231     0.06370
19860131     0.01253
19860228     0.09656
19860331     0.06582
19860430    -0.00475
19860530     0.02649
19860630     0.06682
19860731    -0.02418
19860829     0.02050
19860930    -0.10456
19861031     0.08571
19861128     0.03341
19861231     0.04129
19870130     0.10932
19870227    -0.00730
19870331     0.01471
19870430    -0.01256
19870529     0.00826
19870630     0.10850
19870731     0.04056
19870831     0.08936
19870930     0.02347
19871030    -0.27829
19871130    -0.00483
19871231     0.10515
19880129    -0.06019
19880229    -0.01603
19880331    -0.02542
19880429     0.02826
19880531     0.05336
19880630     0.06883
19880729    -0.03220
19880831    -0.04650
19880930     0.06625
19881031    -0.05631
19881130     0.00255
19881230     0.02692
19890131     0.10484
19890228    -0.03978
19890331     0.02879
19890428     0.06716
19890531     0.02657
19890630    -0.02405
19890731     0.07042
19890831     0.04803
19890929    -0.04905
19891031    -0.04659
19891130     0.08412
19891229     0.03409
19900131    -0.01884
19900228     0.03494
19900330     0.01560
19900430    -0.02458
19900531     0.05014
19900629     0.04841
19900731     0.04329
19900831    -0.12055
19900928    -0.02063
19901031     0.02431
19901130     0.03772
19901231     0.05538
19910131    -0.01020
19910228     0.05190
19910328     0.00000
19910430     0.00706
19910531     0.07748
19910628    -0.01706
19910731    -0.06275
19910830    -0.00108
19910930     0.03741
19911031     0.00971
19911129    -0.03813
19911231     0.09798
19920131    -0.04462
19920228     0.00879
19920331    -0.02473
19920430     0.05634
19920529     0.02853
19920630     0.01438
19920731     0.03093
19920831    -0.00700
19920930     0.04061
19921030     0.00366
19921130    -0.00073
19921231    -0.01348
19930129    -0.02609
19930226     0.08500
19930331     0.03791
19930430     0.01598
19930528     0.02207
19930630    -0.04319
19930730    -0.02778
19930831     0.05195
19930930    -0.06157
19931029     0.00851
19931130     0.05860
19931231    -0.00229
19940131    -0.01379
19940228    -0.00928
19940331    -0.06050
19940429    -0.01010
19940531     0.04980
19940630    -0.02696
19940729     0.07053
19940831     0.04593
19940930     0.00227
19941031     0.00226
19941130    -0.06655
19941230     0.04146
19950131    -0.01874
19950228     0.05432
19950331     0.06164
19950428     0.02581
19950531     0.01417
19950630    -0.04375
19950731    -0.01307
19950831    -0.02702
19950929     0.03204
19951031     0.00887
19951130     0.15771
19951229     0.01530
19960131    -0.02825
19960229     0.01698
19960329    -0.00768
19960430     0.01741
19960531     0.04517
19960628     0.01099
19960731    -0.02269
19960830     0.06523
19960930     0.01455
19961031     0.09498
19961129     0.10298
19961231    -0.00896
19970131     0.02711
19970228     0.08540
19970331    -0.08016
19970430     0.02806
19970530     0.06213
19970630     0.11293
19970731    -0.07335
19970829    -0.04586
19970930     0.02851
19971031    -0.01014
19971128     0.07068
19971231    -0.15779
