  4.6702   -5.7163   13.5343  -14.3097   -8.0527
  6.3444   -3.4188    1.8812    0.0000    2.9112
  2.1429    6.1377    3.6592   -3.3898    0.8167
  2.6730   -4.7563   -5.5396   -3.5088    2.8063
 10.6178    9.0352   20.0096   12.9756   12.1527
 -2.1050   -0.8304   -2.6252   -4.8791    2.4351
 -5.2410   -9.1348   -5.4657    5.9316  -17.8206
 -7.8470  -21.2327  -28.7682  -14.1886   -7.0616
  4.3222   -3.7100   -0.3757   -9.5916  -13.0052
 -0.9444  -25.3448    0.7492   -4.8119   -1.2710
  8.5967   14.3104   11.2793   10.1780    8.8725
 -0.5515    6.3913    2.6321    6.8565    2.5609
 11.4828   19.8531   17.2532   17.1218    9.6355
  2.5015   18.1788    4.2791   15.9215   16.9633
-12.2767    7.2386   -2.1162   19.7489   16.3224
-10.0373    2.2251    5.2099    8.5820   -1.5175
  4.1228    5.9325   12.3968    8.2584    8.3937
 -8.8624   -6.4229  -18.1426   -6.6161  -10.8822
  4.1593    5.7429    1.0693    7.8284   14.9454
 -3.1759   -1.6414    5.1824    1.8017    2.9530
  6.7360   -6.3440  -15.8363   13.8727    6.1556
 -5.3264    1.7526   -3.9219    7.0030    7.8155
 -4.7312   -4.5698    0.9188   -7.0026   -1.6302
 -3.8575   17.1438   17.8247   20.8452   17.9969
  1.1177    3.8711   20.0440   -3.2224  -11.6579
 -2.1510   20.8696    5.8778   -1.9846   -0.8889
 -3.9625   10.0280  -13.9170   -1.5784   -1.3480
  8.3265   -0.6229   -3.2182  -11.5512  -11.7501
  1.3242   -5.1293   -6.7658   -0.4088    4.9447
  7.5580   -9.5542   13.1028    4.0412   -2.4631
 -3.2451    6.4992    4.7122    1.9607    9.2816
 -7.5780  -24.9860   -2.9728   -3.1057   -7.8156
 -7.0229   -2.2972   12.5416    1.9950   -5.3243
-18.8537    1.9979    2.7751    8.9685    3.0772
  3.7922   15.6345    5.7571    9.1403    7.2841
-30.3676    5.2365   19.6208   -1.4596    5.0589
  2.2084    2.9957   20.5517    9.4164    1.5578
  6.4204    2.4019    8.7397    4.5595    2.1840
 -6.6535    3.4324   -1.2964    4.4849   10.4810
 -4.5238   -1.6556  -18.8694   -1.0586   -6.6621
  9.1612   10.7526   15.3210    7.6433    9.7399
 -6.6118   -2.5820   -0.7921    6.7014    5.0161
-10.3950  -11.7782   -5.0336    7.1455    1.9695
  3.3154    2.9083   20.6746   11.2409   16.4972
 -8.5525   -7.7097    9.6373    1.0257    4.8571
  9.0974    7.3975  -11.1267   -0.7428  -10.1214
 16.2654    0.1699   -2.8060   -6.5317   -8.7750
  4.7570    7.1930    0.8097   -7.7291   -1.4038
  0.0000    7.6137    5.1862    7.0654   11.5033
 -6.1588    6.1142    5.2251   -9.9500  -17.0610
  3.2564   -9.5443   -1.8347   -8.6735   -4.0197
  5.1292   -2.3095  -10.0439   -1.0121   -3.7816
  9.5310   -2.2051    2.4293    6.1904   -2.5892
 -6.9843   -3.8304   -6.6140  -10.8209   -4.9316
  5.1824    3.1072    1.3834    4.5384    6.3848
 10.5360   14.6530   10.4090   10.9294   14.4499
  1.6287   -2.4785   -6.6824  -15.9805  -11.5770
  6.7677   11.3480    1.1078   13.4382    5.0988
 -4.8119   -0.1281    1.5972   -3.5544   -9.5421
  3.8134    2.4507    1.1810   -6.1035   -0.2112
 -1.8887    0.6240    8.3468    3.0442    1.8890
  4.5728   13.4776   13.9371   11.2837   11.3846
  8.7425    4.8171    6.2280    3.5936    0.4739
 14.1682    9.4082   18.8047    6.8210    3.1053
 -1.4637   -0.1892    9.2087    3.7951    9.1047
  3.1751   12.3827   12.0499   11.0664    7.4347
 12.5848    4.4304    2.6924    5.5567    2.3443
 -4.9421    2.6924   -5.7385    4.2072    3.8124
 -8.9761    4.3720   -1.8500    8.1211   11.0244
  2.8685   10.5207   14.8773  -11.8784  -10.5127
 -0.3867  -10.9714  -13.7884    0.4669   -0.8657
 -5.5862    1.1385   -7.0165   -8.4556   -6.7444
 17.1774    1.1869   -2.6344   11.3588   17.0367
 12.4419   17.2936    6.2768    1.3104   -1.5875
 -9.7348   -6.5894   -3.3495    5.2811   10.3756
 -3.1965   11.7632   17.5557   -0.6189   -3.0758
 -0.6048    0.5883   10.8307    7.4579   -1.5043
 -7.5370   -6.4325   -2.7700    0.5773   -0.7609
  8.2372  -12.4079    2.3384   -7.0777   -0.4078
  6.5048   -0.5696    6.0530    1.4386   -2.0723
  8.4819   11.0673   17.8790    7.2795    4.1027
  3.5502   -9.9677   14.1326    6.4298    1.3479
 21.3643   19.9637   14.3858   13.6818   17.9417
 -5.0672   -6.7273    3.1518    1.5460   -5.1188
  3.4865    4.6177   21.4724    3.1702    0.3494
 -8.4937    6.4392  -13.4194   13.5169    9.9872
 -4.6274   -4.7993   -1.9570  -11.1457   -7.1829
 15.6491   -1.6526    9.6210   10.5189    7.4987
  7.7304   -1.9234   -1.0667   10.9563    7.2553
  4.2437    8.6269   -6.6076   11.7783    4.5757
 15.8498   22.3144   25.8719   16.6649   19.9637
 -4.0280  -12.9460    0.3394  -13.2446   -8.5819
  4.4610   12.5195    0.2038   18.7558   11.6342
 -7.3377  -12.1162  -18.0982   -9.2620   -9.5465
 10.7697   -0.8143    0.8087    4.0038   10.2936
 -4.5541    2.2485   -9.9831    3.8432    8.4902
 -5.7788   -3.6737   14.2757  -14.2509   -0.9344
  5.7910   10.8271   10.1879   12.6263   17.8924
 -0.5405   -5.3411  -13.8825   14.8273    4.2935
 10.9321   17.3407    3.4991    5.7674    8.1654
  1.5795  -19.0313  -12.3310    1.9057   -1.0353
 -2.3136   -3.7235    3.6930    3.1663   15.7465
 14.3286   -7.5877   13.0256    5.9193   -4.6054
-16.0568  -13.3531  -17.0278  -39.0409  -40.5100
 13.1861    8.9274   18.6123  -33.5529  -29.7423
 14.4654   12.9387    3.9307   22.3408   41.3354
 10.7445    3.7662   18.8287   24.3142    6.8733
 11.0270    9.0270    9.6791  -11.6534    1.9557
 -0.6119   13.7411   17.2877   12.8129   20.1675
 -7.5230  -16.5240  -16.1014    1.4593    4.3758
  4.3232    2.2837   -0.8899   14.2445    9.9194
 16.5667   15.1115    2.9015   -4.9957   -0.5113
 10.4540   17.8749  -12.3253    0.0980   -2.7474
 10.8155    6.5132    9.5837   -5.5058    6.1537
 -2.7947    4.0825   14.8127  -15.6245  -12.5847
 -0.8032    0.6549   17.5263    9.8251   -5.0420
 -2.9017  -14.7653  -10.0727  -10.3873    3.8576
-20.8280  -20.1517    4.1190   15.2824   21.4748
  4.8981   24.5961   -0.9344    2.8510    8.9365
  4.5633   18.2846    7.0785    3.4343   16.8409
