19861128    -0.06994
19861231    -0.01205
19870130     0.17683
19870227     0.08021
19870331    -0.03846
19870430     0.01000
19870529    -0.05208
19870630     0.08901
19870731     0.10577
19870831     0.10435
19870930     0.00583
19871030    -0.25882
19871130    -0.13228
19871231     0.09439
19880129     0.19553
19880229     0.03963
19880331    -0.06757
19880429    -0.07246
19880531     0.05500
19880630     0.08911
19880729    -0.02727
19880831    -0.12822
19880930     0.00538
19881031     0.01369
19881130    -0.04233
19881230    -0.03867
19890131     0.08368
19890228    -0.06383
19890331    -0.01705
19890428    -0.03468
19890531     0.08120
19890630    -0.01111
19890731     0.21348
19890831     0.01185
19890929     0.02294
19891031     0.03426
19891130     0.01304
19891229    -0.02146
19900131    -0.08053
19900228     0.02871
19900330     0.02326
19900430     0.04545
19900531     0.13757
19900629     0.04598
19900731    -0.05201
19900831    -0.13566
19900928    -0.26457
19901031    -0.11098
19901130     0.24828
19901231     0.01105
19910131     0.15738
19910228     0.16588
19910328    -0.00813
19910430    -0.03361
19910531     0.07660
19910628    -0.12253
19910731     0.14414
19910830     0.06324
19910930     0.05576
19911031     0.02817
19911129    -0.10309
19911231     0.20690
19920131     0.05714
19920228     0.00000
19920331    -0.03012
19920430     0.01429
19920529    -0.05538
19920630     0.00000
19920731     0.15179
19920831    -0.09659
19920930     0.10063
19921030    -0.02286
19921130     0.12164
19921231     0.01309
19930129     0.09819
19930226     0.03746
19930331     0.26082
19930430    -0.00271
19930528     0.01163
19930630     0.13477
19930730     0.02613
19930831     0.09877
19930930     0.07606
19931029    -0.07592
19931130    -0.09065
19931231    -0.02812
19940131     0.08360
19940228    -0.11573
19940331    -0.05051
19940429    -0.01418
19940531    -0.04964
19940630    -0.01901
19940729     0.02713
19940831     0.12151
19940930    -0.11149
19941031     0.05703
19941130    -0.05324
19941230    -0.01145
19950131     0.14517
19950228     0.05424
19950331    -0.00643
19950428     0.07120
19950531     0.02296
19950630     0.03858
19950731     0.08286
19950831     0.01741
19950929     0.10677
19951031    -0.04596
19951130     0.18218
19951229     0.05252
19960131     0.04990
19960229     0.02053
19960329    -0.01308
19960430    -0.06818
19960531     0.01585
19960628     0.09940
19960731    -0.07397
19960830     0.03018
19960930     0.13256
19961031     0.10738
19961129     0.10599
19961231     0.00833
19970131     0.15758
19970228     0.02387
19970331    -0.10490
19970430     0.15625
19970530    -0.00631
19970630     0.14659
19970731     0.14311
19970829    -0.11729
19970930     0.07579
19971031     0.02690
19971128     0.09018
19971231     0.05897
19980130    -0.08005
19980227     0.12484
19980331     0.07865
19980430     0.02187
19980529     0.00102
19980630    -0.01020
19980731     0.11134
19980831    -0.34480
19980930    -0.14894
19981030     0.25813
19981130     0.06915
19981231    -0.01119
19990129     0.13192
19990226     0.04794
19990331     0.08723
19990430     0.17550
19990528    -0.11519
19990630     0.07547
19990730    -0.05889
19990831    -0.00281
19990930    -0.00985
19991029     0.23614
19991130    -0.00691
19991231     0.03364
20000131     0.02357
20000229    -0.08820
20000331     0.15561
20000428    -0.00255
20000531     0.04407
20000630    -0.03116
20000731     0.17116
20000831     0.10569
20000929    -0.07388
20001031    -0.02659
20001130    -0.05078
20001229     0.02509
20010131     0.09611
20010228    -0.11881
20010330    -0.08540
20010430     0.09271
20010531     0.04557
20010629     0.03102
20010731    -0.04977
20010831    -0.08464
20010928    -0.11572
20011031     0.12395
20011130     0.05580
20011231     0.05386
20020131    -0.05784
20020228    -0.04536
20020328     0.09436
20020430    -0.12561
20020531     0.00139
20020628    -0.10259
20020731    -0.13445
20020830     0.04646
20020930    -0.09466
20021031     0.25228
20021129     0.05223
20021231    -0.09491
20030131    -0.01733
20030228    -0.03025
20030331     0.03329
20030430     0.13933
20030530     0.05019
20030630     0.04339
20030731     0.05491
20030829    -0.03237
20030930     0.04983
20031031     0.04922
20031128    -0.00781
20031231     0.03211
