19620131     -0.00789
19620228      0.01544
19620330     -0.00594
19620430     -0.06806
19620531     -0.09804
19620629     -0.08497
19620731      0.06378
19620831      0.03734
19620928     -0.06390
19621031     -0.03969
19621130      0.12109
19621231     -0.02560
19630131      0.08914
19630228     -0.01448
19630329      0.01203
19630430      0.02689
19630531      0.03231
19630628     -0.01038
19630731     -0.00630
19630830      0.04231
19630930     -0.01037
19631031      0.01221
19631129     -0.01614
19631231     -0.00423
19640131      0.03209
19640228      0.02517
19640331      0.02551
19640430      0.00100
19640528      0.00751
19640630      0.01041
19640731      0.03016
19640831     -0.00604
19640930      0.03825
19641030      0.01882
19641130     -0.00052
19641231     -0.01236
19650129      0.07140
19650226      0.03232
19650331      0.01539
19650430      0.04156
19650528     -0.00585
19650630     -0.08372
19650730      0.02863
19650831      0.04184
19650930      0.02742
19651029      0.05868
19651130      0.04654
19651231      0.04298
19660131      0.06417
19660228      0.02886
19660331     -0.00889
19660429      0.04662
19660531     -0.08602
19660630     -0.00499
19660729     -0.01632
19660831     -0.10071
19660930     -0.01816
19661031     -0.01439
19661130      0.04072
19661230      0.01731
19670131      0.17210
19670228      0.04237
19670331      0.05824
19670428      0.04193
19670531     -0.00810
19670630      0.08196
19670731      0.08325
19670831      0.00631
19670929      0.06296
19671031     -0.02059
19671130      0.00088
19671229      0.08046
19680131      0.02390
19680229     -0.05612
19680329     -0.01122
19680430      0.14303
19680531      0.09131
19680628      0.01622
19680730     -0.02621
19680830      0.03592
19680930      0.06881
19681031      0.00691
19681129      0.07199
19681231      0.00590
19690131     -0.00169
19690228     -0.08573
19690328      0.02029
19690430      0.00346
19690529      0.00626
19690630     -0.11340
19690731     -0.09582
19690829      0.05218
19690930     -0.02462
19691031      0.09253
19691128     -0.05508
19691231     -0.06618
19700130     -0.03883
19700227      0.04020
19700331     -0.02371
19700430     -0.16196
19700529     -0.09052
19700630     -0.07390
19700731      0.05926
19700831      0.06162
19700930      0.12610
19701030     -0.05860
19701130      0.00302
19701231      0.08132
19710129      0.13610
19710226      0.04791
19710331      0.05660
19710430      0.02709
19710528     -0.04944
19710630     -0.01724
19710730     -0.05363
19710831      0.04116
19710930     -0.00465
19711029     -0.05747
19711130     -0.03415
19711231      0.11713
19720131      0.10389
19720229      0.04181
19720330     -0.00095
19720428      0.00123
19720531     -0.01812
19720630     -0.03377
19720731     -0.02949
19720831      0.01225
19720929     -0.03073
19721031     -0.01377
19721130      0.05110
19721229     -0.01987
19730131     -0.02613
19730228     -0.07284
19730330     -0.02898
19730430     -0.07062
19730531     -0.08358
19730629     -0.03774
19730731      0.10592
19730831     -0.04442
19730928      0.07299
19731031      0.00030
19731130     -0.17525
19731231     -0.04176
19740131      0.13237
19740228      0.00862
19740329      0.00838
19740430     -0.05554
19740531     -0.07255
19740628     -0.03348
19740731     -0.05191
19740830     -0.08579
19740930     -0.07903
19741031      0.08888
19741129     -0.05134
19741231     -0.08074
19750131      0.29921
19750228      0.05392
19750331      0.08150
19750430      0.03109
19750530      0.07288
19750630      0.07179
19750731     -0.00896
19750829     -0.04812
19750930     -0.03887
19751031      0.01472
19751128      0.01680
19751231     -0.00060
19760130      0.19004
19760227      0.10629
19760331      0.01811
19760430     -0.00381
19760528     -0.01968
19760630      0.02651
19760730      0.00224
19760831     -0.01667
19760930      0.01699
19761029     -0.02259
19761130      0.02669
19761231      0.10250
19770131      0.03690
19770228      0.00440
19770331      0.01065
19770429      0.01693
19770531      0.00287
19770630      0.05150
19770729      0.01236
19770831     -0.00123
19770930      0.01497
19771031     -0.02319
19771130      0.07087
19771230      0.02108
19780131     -0.01115
19780228      0.02601
19780331      0.06784
19780428      0.07932
19780531      0.06762
19780630      0.01029
19780731      0.05239
19780831      0.09355
19780929      0.00620
19781031     -0.17728
19781130      0.03821
19781229      0.01435
19790131      0.09366
19790228     -0.01627
19790330      0.08417
19790430      0.02881
19790531     -0.00684
19790629      0.05466
19790731      0.02137
19790831      0.07562
19790928     -0.00117
19791031     -0.09791
19791130      0.06529
19791231      0.06748
19800131      0.10513
19800229     -0.00630
19800331     -0.16504
19800430      0.05346
19800530      0.07125
19800630      0.04618
19800731      0.08928
19800829      0.06398
19800930      0.05246
19801031      0.04752
19801128      0.06920
19801231     -0.03242
19810130      0.00561
19810227      0.00215
19810331      0.07267
19810430      0.02789
19810529      0.02719
19810630     -0.01319
19810731     -0.01998
19810831     -0.07191
19810930     -0.09006
19811030      0.06973
19811130      0.02167
19811231     -0.01969
19820129     -0.01735
19820226     -0.04799
19820331     -0.01206
19820430      0.05224
19820528     -0.02249
19820630     -0.03670
19820730     -0.01478
19820831      0.06328
19820930      0.03316
19821029      0.12845
19821130      0.09204
19821231      0.02346
19830131      0.11703
19830228      0.04726
19830331      0.05052
19830429      0.08069
19830531      0.09174
19830630      0.04634
19830729     -0.01754
19830831     -0.03291
19830930      0.00005
19831031     -0.05920
19831130      0.03169
19831230     -0.01966
19840131      0.00544
19840229     -0.05075
19840330      0.00746
19840430     -0.02050
19840531     -0.05151
19840629      0.01197
19840731     -0.05025
19840831      0.08876
19840928     -0.00035
19841031     -0.02377
19841130     -0.03148
19841231      0.00272
19850131      0.12150
19850228      0.04609
19850329     -0.00352
19850430     -0.00964
19850531      0.02223
19850628      0.00210
19850731      0.02141
19850830     -0.00220
19850930     -0.05685
19851031      0.01765
19851129      0.05257
19851231      0.02800
19860131      0.04402
19860228      0.06047
19860331      0.04731
19860430      0.01613
19860530      0.03619
19860630      0.00809
19860731     -0.07313
19860829      0.02327
19860930     -0.05907
19861031      0.02378
19861128     -0.00626
19861231     -0.03461
19870130      0.11753
19870227      0.07461
19870331      0.03634
19870430     -0.01768
19870529      0.00057
19870630      0.02149
19870731      0.03514
19870831      0.01458
19870930     -0.01590
19871030     -0.27230
19871130     -0.05082
19871231      0.02614
19880129      0.07736
19880229      0.06019
19880331      0.03560
19880429      0.01401
19880531     -0.01768
19880630      0.04772
19880729      0.00030
19880831     -0.02495
19880930      0.01697
19881031     -0.01151
19881130     -0.03646
19881230      0.01887
19890131      0.06215
19890228      0.00299
19890331      0.01807
19890428      0.02908
19890531      0.02506
19890630     -0.00774
19890731      0.03103
19890831      0.01861
19890929      0.00554
19891031     -0.04994
19891130     -0.00580
19891229     -0.01238
19900131     -0.04640
19900228      0.01542
19900330      0.02132
19900430     -0.02811
19900531      0.04566
19900629      0.00538
19900731     -0.02572
19900831     -0.10894
19900928     -0.08058
19901031     -0.05713
19901130      0.03550
19901231     -0.00453
19910131      0.08401
19910228      0.13392
19910328      0.07835
19910430      0.03200
19910531      0.03143
19910628     -0.03174
19910731      0.03426
19910830      0.02760
19910930      0.00813
19911031      0.02464
19911129     -0.02373
19911231      0.03535
19920131      0.14983
19920228      0.05208
19920331     -0.01417
19920430     -0.03326
19920529      0.00568
19920630     -0.03915
19920731      0.02762
19920831     -0.02390
19920930      0.01105
19921030      0.01622
19921130      0.06669
19921231      0.03568
19930129      0.06761
19930226     -0.00720
19930331      0.03141
19930430     -0.01111
19930528      0.03874
19930630      0.01342
19930730      0.01372
19930831      0.03970
19930930      0.02551
19931029      0.04052
19931130     -0.02447
19931231      0.01619
19940131      0.04917
19940228     -0.00995
19940331     -0.04596
19940429     -0.01173
19940531     -0.00083
19940630     -0.02818
19940729      0.01578
19940831      0.03676
19940930      0.00486
19941031     -0.00330
19941130     -0.04074
19941230     -0.01342
19950131      0.02786
19950228      0.02837
19950331      0.01952
19950428      0.02698
19950531      0.02027
19950630      0.04992
19950731      0.05472
19950831      0.03206
19950929      0.02637
19951031     -0.04146
19951130      0.01667
19951229      0.00894
19960131      0.03469
19960229      0.03229
19960329      0.02408
19960430      0.05804
19960531      0.06262
19960628     -0.03210
19960731     -0.07958
19960830      0.04561
19960930      0.02876
19961031     -0.02085
19961129      0.02470
19961231     -0.00260
19970131      0.06384
19970228     -0.01029
19970331     -0.04922
19970430     -0.02159
19970530      0.08522
19970630      0.04313
19970731      0.04881
19970829      0.02758
19970930      0.08176
19971031     -0.02617
19971128     -0.02209
19971231     -0.02389
19980130      0.01537
19980227      0.06045
19980331      0.04687
19980430      0.02327
19980529     -0.04257
19980630     -0.02913
19980731     -0.05053
19980831     -0.19641
19980930      0.04323
19981030      0.03787
19981130      0.07603
19981231      0.01883
19990129      0.06480
19990226     -0.04220
19990331     -0.00131
19990430      0.08394
19990528      0.02513
19990630      0.03841
19990730      0.00725
19990831     -0.03058
19990930     -0.01426
19991029     -0.00135
19991130      0.09144
19991231      0.08486
