19260130     0.04294
19260227    -0.00588
19260331    -0.08950
19260430     0.05601
19260528    -0.00890
19260630     0.09158
19260731     0.04825
19260831     0.00976
19260930    -0.01934
19261030    -0.06818
19261130     0.07165
19261231    -0.03698
19270131    -0.01043
19270228     0.03163
19270331     0.01752
19270430     0.10999
19270531     0.08996
19270630     0.04785
19270730     0.17972
19270831     0.09961
19270930    -0.02309
19271031    -0.10531
19271130     0.08905
19271231     0.02820
19280131    -0.03867
19280229    -0.01341
19280331     0.24272
19280430     0.02830
19280531    -0.02294
19280630    -0.03286
19280731    -0.01311
19280831     0.10963
19280929    -0.00749
19281031     0.00152
19281130     0.21364
19281231     0.11610
19290131     0.16027
19290228    -0.04475
19290328    -0.02648
19290430     0.02521
19290531     0.09529
19290629     0.22264
19290731     0.16243
19290830     0.04768
19290930    -0.09166
19291031    -0.29658
19291127    -0.14484
19291231     0.13689
19300131     0.19097
19300228     0.05000
19300331     0.11527
19300430     0.02515
19300529    -0.02886
19300630    -0.16018
19300731     0.00534
19300829     0.04425
19300930    -0.16746
19301031    -0.17418
19301129    -0.03722
19301231    -0.09227
19310131     0.00860
19310228     0.19318
19310331    -0.07571
19310430    -0.08831
19310529    -0.11966
19310630     0.13657
19310731    -0.08046
19310831     0.01563
19310930    -0.32615
19311031     0.13333
19311130    -0.08980
19311231    -0.08879
19320130    -0.23000
19320229     0.02597
19320331    -0.10127
19320430    -0.23571
19320531    -0.35514
19320630     0.11304
19320730     0.52632
19320831     0.43103
19320930    -0.09759
19321031    -0.17450
19321130    -0.08130
19321231     0.13318
19330131    -0.00820
19330228    -0.20661
19330331     0.05000
19330429     0.56000
19330531     0.14103
19330630     0.08315
19330731    -0.07813
19330831     0.11299
19330930    -0.19391
19331031    -0.10127
19331129     0.12676
19331230    -0.02000
19340131     0.16026
19340228    -0.08287
19340331     0.08554
19340430    -0.03911
19340531    -0.07558
19340630     0.00755
19340731    -0.08805
19340831     0.04828
19340929    -0.01184
19341031    -0.04698
19341130     0.16901
19341231     0.07952
19350131     0.05618
19350228    -0.01596
19350330    -0.04216
19350430     0.08523
19350531     0.02618
19350629     0.05204
19350731     0.14146
19350831     0.06410
19350930     0.08273
19351031     0.06343
19351130     0.06316
19351231     0.01518
19360131     0.02941
19360229    -0.01587
19360331    -0.00323
19360430    -0.06840
19360529     0.04895
19360630     0.00667
19360731     0.16667
19360831     0.08000
19360930    -0.04233
19361031     0.08889
19361130     0.06888
19361231     0.06053
19370130     0.15982
19370227    -0.03543
19370331    -0.04245
19370430    -0.07725
19370528    -0.01163
19370630     0.00282
19370731     0.10402
19370831    -0.09850
19370930    -0.14442
19371030    -0.03081
19371130     0.00000
19371231    -0.02663
19380131    -0.04255
19380228     0.01905
19380331    -0.30405
19380430     0.16290
19380531    -0.03502
19380630     0.30081
19380730     0.04050
19380831    -0.00299
19380930     0.02282
19381031     0.10029
19381130    -0.07507
19381231     0.01333
19390131    -0.07471
19390228     0.03416
19390331    -0.17117
19390429    -0.00730
19390531     0.06250
19390630    -0.09343
19390731     0.16923
19390831    -0.07895
19390930     0.18214
19391031    -0.02736
19391130    -0.02438
19391230     0.05212
19400131    -0.06192
19400229    -0.00990
19400330     0.04933
19400430    -0.04167
19400531    -0.19732
19400629     0.06167
19400731     0.06746
19400831     0.01115
19400930     0.04338
19401031     0.00712
19401130    -0.04806
19401231     0.00760
19410131    -0.00377
19410228    -0.00379
19410331    -0.00837
19410430    -0.10465
19410531    -0.01299
19410630     0.14386
19410731    -0.01550
19410830     0.03150
19410930    -0.01603
19411031    -0.13333
19411129    -0.03258
19411231     0.02275
19420131     0.01878
19420228    -0.04147
19420331    -0.07788
19420430    -0.02646
19420529     0.08696
19420630     0.04900
19420731     0.01449
19420831     0.00952
19420930     0.05094
19421031     0.06818
19421130    -0.00426
19421231     0.05470
19430130     0.11475
19430227     0.04779
19430331     0.05544
19430430    -0.02349
19430529     0.04467
19430630     0.05526
19430731    -0.08176
19430831     0.01370
19430930     0.05676
19431030    -0.05806
19431130    -0.04795
19431231     0.07122
19440131    -0.01017
19440229    -0.04110
19440331     0.03500
19440429    -0.00348
19440531     0.01049
19440630     0.06159
19440731    -0.01645
19440831     0.01672
19440930    -0.01053
19441031     0.03691
19441130     0.01618
19441230     0.01529
19450131    -0.01899
19450228     0.09677
19450331    -0.04353
19450430     0.08696
19450531     0.01143
19450630    -0.02768
19450731     0.02053
19450831     0.08621
19450929     0.03228
19451031    -0.02326
19451130    -0.01852
19451231     0.03827
19460131     0.05759
19460228    -0.05198
19460330    -0.00992
19460430    -0.02394
19460531     0.08719
19460628    -0.03960
19460731    -0.01579
19460830    -0.08021
19460930    -0.07791
19461031    -0.05732
19461130    -0.05405
19461231     0.03643
19470131     0.09059
19470228    -0.03834
19470331    -0.04585
19470430    -0.02113
19470529    -0.01079
19470630     0.04436
19470731     0.07394
19470829    -0.03607
19470930     0.00408
19471031     0.00000
19471129    -0.04110
19471231     0.03286
19480131    -0.03846
19480228    -0.05091
19480331     0.11571
19480430    -0.03125
19480528     0.20430
19480630    -0.01131
19480730    -0.06991
19480831     0.03268
19480930     0.00000
19481030     0.08333
19481130    -0.11834
19481231     0.05705
19490131    -0.01608
19490228    -0.05882
19490331     0.06597
19490430    -0.02310
19490531    -0.05068
19490630     0.00356
19490729     0.06835
19490831     0.00337
19490930     0.01007
19491031     0.02020
19491130     0.05611
19491231     0.07813
19500131     0.04748
19500228     0.04816
19500331     0.01297
19500429     0.04595
19500531     0.01809
19500630    -0.06650
19500731     0.01377
19500831     0.03804
19500929     0.00733
19501031     0.02368
19501130     0.00000
19501230     0.05722
19510131     0.05528
19510228     0.06429
19510331    -0.00895
19510430     0.01602
19510531    -0.03378
19510629    -0.00233
19510731     0.05924
19510831     0.06711
19510928     0.04193
19511031    -0.08350
19511130    -0.00444
19511231     0.07589
19520131    -0.02101
19520229    -0.05365
19520331     0.08844
19520430    -0.03797
19520529     0.04605
19520630     0.06709
19520731     0.00199
19520829     0.00198
19520930     0.01386
19521031    -0.01581
19521128     0.12851
19521231     0.04626
19530130    -0.05155
19530227     0.00000
19530331     0.00362
19530430     0.02737
19530529     0.02487
19530630    -0.00520
19530731     0.03169
19530831    -0.03413
19530930     0.04594
19531030     0.11433
19531130     0.10873
19531231    -0.01117
19540129     0.06286
19540226     0.07930
19540331     0.07472
19540430     0.15322
19540528    -0.04767
19540630     0.18594
19540730    -0.04348
19540831    -0.05682
19540930     0.06386
19541029    -0.03714
19541130     0.08605
19541231     0.03060
19550131     0.06417
19550228     0.04774
19550331    -0.04269
19550429     0.06566
19550531    -0.01896
19550630     0.03430
19550729    -0.03529
19550831     0.03415
19550930    -0.04906
19551031    -0.06500
19551130     0.14973
19551230     0.08372
19560131    -0.06061
19560229     0.07373
19560329     0.10086
19560430    -0.03143
19560531    -0.07099
19560629     0.07424
19560731     0.04713
19560831    -0.03914
19560928    -0.07943
19561031     0.06696
19561130    -0.00418
19561231     0.02101
19570131    -0.10788
19570228     0.03023
19570329     0.06095
19570430     0.08798
19570531     0.05325
19570628     0.03371
19570731     0.01825
19570830    -0.06452
19570930    -0.07088
19571031     0.00416
19571129     0.07867
19571231    -0.04798
19580131     0.02236
19580228    -0.04175
19580331     0.00207
19580430    -0.01044
19580529     0.00844
19580630     0.01255
19580731     0.04792
19580829     0.01193
19580930     0.04519
19581031     0.03220
19581128     0.02385
19581231     0.13082
19590130    -0.00957
19590227     0.02738
19590331     0.02665
19590430     0.02765
19590529    -0.02541
19590630    -0.00920
19590731     0.01246
19590831     0.00769
19590930    -0.03053
19591030     0.02377
19591130     0.13467
19591231     0.08731
19600129    -0.13745
19600229     0.04678
19600331     0.00978
19600429    -0.01391
19600531     0.00846
19600630     0.03776
19600729    -0.08266
19600831    -0.02806
19600930    -0.10182
19601031    -0.00511
19601130     0.02740
19601230     0.00000
19610131    -0.04866
19610228    -0.07407
19610330    -0.00190
19610428    -0.05769
19610531     0.05714
19610630    -0.01158
19610731     0.04528
19610831     0.06780
19610929     0.06526
19611031    -0.01333
19611130     0.06419
19611229    -0.03810
19620131    -0.00332
19620228    -0.00500
19620330     0.03685
19620430    -0.10732
19620531    -0.04189
19620629    -0.08745
19620731     0.11555
19620831     0.03202
19620928    -0.06022
19621031     0.06067
19621130     0.10332
19621231     0.03344
19630131     0.01954
19630228    -0.07029
19630329     0.03265
19630430     0.05528
19630531     0.06667
19630628    -0.05357
19630731    -0.01108
19630830     0.04320
19630930    -0.01994
19631031     0.05512
19631129    -0.01493
19631231     0.06273
19640131     0.00861
19640228    -0.02560
19640331     0.02540
19640430    -0.05587
19640528    -0.01669
19640630    -0.00864
19640731     0.04545
19640831     0.00750
19640930     0.07054
19641030    -0.02098
19641130     0.05857
19641231     0.01269
19650129     0.06568
19650226     0.00503
19650331     0.00175
19650430     0.04774
19650528    -0.00839
19650630    -0.06723
19650730     0.04694
19650831     0.04234
19650930     0.12449
19651029     0.01068
19651130    -0.03805
19651231     0.04308
19660131    -0.02754
19660228    -0.05011
19660331     0.01055
19660429     0.04909
19660531    -0.09358
19660630     0.02545
19660729    -0.10012
19660831    -0.10995
19660930     0.00765
19661031     0.12206
19661130     0.02752
19661230    -0.09031
19670131    -0.00706
19670228    -0.01849
19670331    -0.00841
19670428     0.11782
19670531    -0.09354
19670630     0.01773
19670731     0.24317
19670831     0.01157
19670929     0.03227
19671031    -0.05463
19671130    -0.01769
19671229    -0.07179
19680131    -0.08464
19680229    -0.00398
19680329    -0.00576
19680430     0.10999
19680531    -0.07405
19680628    -0.02128
19680730    -0.02174
19680830    -0.00296
19680930     0.02110
19681031     0.11437
19681129     0.04868
19681231    -0.05119
19690131    -0.01198
19690228    -0.06038
19690328     0.06647
19690430     0.05962
19690529    -0.03581
19690630    -0.03820
19690731    -0.04306
19690829    -0.02758
19690930     0.02269
19691031    -0.01029
19691128    -0.04755
19691231    -0.02465
19700130    -0.06613
19700227    -0.02591
19700331     0.05532
19700430    -0.03390
19700529    -0.06842
19700630     0.02674
19700731     0.13889
19700831     0.02114
19700930     0.08312
19701030     0.01926
19701130     0.02762
19701231     0.06959
19710129     0.05726
19710226     0.08942
19710331     0.04185
19710430     0.09710
19710528    -0.02442
19710630     0.01940
19710730    -0.12140
19710831     0.16159
19710930    -0.00242
19711029    -0.05285
19711130     0.02575
19711231     0.05397
19720131    -0.00998
19720229    -0.02218
19720330     0.07175
19720428     0.04642
19720531     0.01664
19720630    -0.03855
19720731    -0.04183
19720831     0.05556
19720929     0.00338
19721031    -0.03766
19721130     0.06810
19721229     0.07366
19730131    -0.03945
19730228    -0.03964
19730330    -0.03551
19730430    -0.08140
19730531     0.00422
19730629    -0.02983
19730731     0.09368
19730831    -0.05777
19730928     0.07230
19731031     0.03770
19731130    -0.02830
19731231    -0.00198
19740131    -0.04960
19740228    -0.04760
19740329    -0.04194
19740430    -0.05991
19740531    -0.05392
19740628     0.02902
19740731    -0.12690
19740830    -0.11919
19740930    -0.16436
19741031     0.22400
19741129    -0.02941
19741231    -0.09024
19750131     0.15730
19750228     0.15275
19750331     0.04249
19750430     0.00000
19750530    -0.01359
19750630     0.16860
19750731    -0.10214
19750829    -0.02116
19750930    -0.04000
19751031     0.09375
19751128     0.00260
19751231    -0.03575
19760130     0.21409
19760227    -0.04688
19760331    -0.00890
19760430     0.02381
19760528    -0.05349
19760630     0.13071
19760730    -0.04595
19760831    -0.02752
19760930     0.02972
19761029    -0.01386
19761130    -0.05152
19761231     0.10765
19770131    -0.04944
19770228    -0.04492
19770331    -0.01832
19770429     0.09669
19770531     0.00696
19770630     0.05161
19770729    -0.03761
19770831    -0.01839
19770930    -0.02951
19771031    -0.02195
19771130     0.01097
19771230    -0.00499
19780131    -0.08271
19780228    -0.02186
19780331     0.05419
19780428     0.12064
19780531     0.01196
19780630    -0.03262
19780731     0.06188
19780831     0.01166
19780929    -0.01336
19781031    -0.10165
19781130     0.00579
19781229     0.00000
19790131     0.02387
19790228    -0.03316
19790330     0.04348
19790430     0.02344
19790531     0.01425
19790629     0.01781
19790731     0.03500
19790831     0.02899
19790928    -0.03380
19791031    -0.04680
19791130    -0.03204
19791231     0.09756
19800131     0.08642
19800229    -0.07364
19800331    -0.04229
19800430    -0.01299
19800530     0.05789
19800630     0.04040
19800731     0.09223
19800829    -0.03111
19800930    -0.02064
19801031     0.02850
19801128     0.14319
19801231     0.00202
19810130     0.00000
19810227     0.08980
19810331     0.01498
19810430    -0.02052
19810529     0.00190
19810630    -0.04677
19810731    -0.01414
19810831    -0.08402
19810930    -0.00358
19811030    -0.01139
19811130     0.11290
19811231    -0.03644
19820129     0.08932
19820226     0.00600
19820331     0.02068
19820430     0.01183
19820528    -0.03509
19820630     0.04202
19820730     0.03340
19820831     0.14449
19820930     0.00465
19821029     0.14883
19821130     0.08705
19821231     0.02568
19830131     0.09091
19830228     0.04831
19830331    -0.02442
19830429     0.06548
19830531    -0.07598
19830630     0.07328
19830729    -0.09318
19830831     0.02506
19830930     0.04108
19831031    -0.01896
19831130     0.11353
19831230     0.02626
19840131    -0.07249
19840229    -0.04368
19840330     0.06490
19840430     0.01139
19840531    -0.04279
19840629    -0.00235
19840731     0.00000
19840831     0.07857
19840928    -0.00662
19841031     0.03139
19841130    -0.02739
19841231     0.02257
19850131     0.12804
19850228     0.00470
19850329    -0.07073
19850430     0.00000
19850531     0.03467
19850628     0.02062
19850731     0.03636
19850830    -0.04873
19850930    -0.04836
19851031     0.00217
19851129     0.13883
19851231     0.11741
19860131    -0.02577
19860228     0.10166
19860331     0.01290
19860430    -0.00478
19860530     0.02080
19860630     0.02295
19860731    -0.09877
19860829     0.07705
19860930    -0.07847
19861031     0.06087
19861128     0.08852
19861231     0.04373
19870130     0.16570
19870227     0.03117
19870331     0.02060
19870430    -0.01311
19870529     0.00483
19870630     0.05202
19870731     0.08966
19870831     0.05485
19870930    -0.01072
19871030    -0.22967
19871130    -0.10554
19871231     0.04956
19880129     0.02266
19880229     0.00831
19880331    -0.10495
19880429     0.00000
19880531     0.04025
19880630     0.05298
19880729    -0.02564
19880831    -0.05556
19880930     0.08297
19881031     0.00576
19881130     0.03152
19881230     0.00356
19890131     0.08101
19890228    -0.05426
19890331    -0.01836
19890428     0.09831
19890531     0.11765
19890630    -0.04741
19890731     0.13317
19890831    -0.01496
19890929    -0.01241
19891031    -0.01991
19891130     0.11964
19891229     0.04790
19900131    -0.03488
19900228    -0.00048
19900330     0.04049
19900430    -0.00389
19900531     0.08352
19900629     0.00544
19900731     0.03430
19900831    -0.13438
19900928    -0.11339
19901031    -0.04587
19901130     0.05288
19901231     0.05726
19910131     0.11547
19910228     0.07047
19910328     0.02390
19910430     0.01616
19910531     0.09908
19910628    -0.04207
19910731    -0.01014
19910830     0.02218
19910930    -0.06664
19911031    -0.00541
19911129    -0.06159
19911231     0.18996
19920131    -0.01634
19920228     0.04485
19920331    -0.02957
19920430     0.01155
19920529    -0.00326
19920630     0.02520
19920731    -0.01608
19920831    -0.03268
19920930     0.06541
19921030    -0.01917
19921130     0.08469
19921231     0.03459
19930129     0.00731
19930226    -0.02322
19930331     0.06692
19930430     0.01683
19930528     0.02345
19930630     0.03914
19930730     0.02872
19930831    -0.00254
19930930    -0.01776
19931029     0.01173
19931130     0.01418
19931231     0.07339
19940131     0.02741
19940228    -0.02204
19940331    -0.04418
19940429    -0.04750
19940531     0.04462
19940630    -0.05558
19940729     0.08043
19940831    -0.01241
19940930    -0.02543
19941031     0.01558
19941130    -0.05882
19941230     0.11761
19950131     0.00980
19950228     0.06311
19950331    -0.00621
19950428     0.03704
19950531     0.03571
19950630    -0.02095
19950731     0.04656
19950831    -0.00212
19950929     0.08977
19951031    -0.00784
19951130     0.06126
19951229     0.07948
19960131     0.06597
19960229    -0.01629
19960329     0.03755
19960430    -0.00803
19960531     0.07120
19960628     0.04834
19960731    -0.04657
19960830     0.01064
19960930     0.10027
19961031     0.06319
19961129     0.07494
19961231    -0.04428
19970131     0.04678
19970228    -0.00604
19970331    -0.03018
19970430     0.11839
19970530     0.08784
19970630     0.07660
19970731     0.08285
19970829    -0.10784
19970930     0.09207
19971031    -0.05051
19971128     0.14313
19971231    -0.00271
19980130     0.05622
19980227     0.00323
19980331     0.11238
19980430    -0.01160
19980529    -0.02128
19980630     0.08996
19980731    -0.01252
19980831    -0.10552
19980930    -0.00172
19981030     0.09976
19981130     0.03286
19981231     0.13250
19990129     0.02819
19990226    -0.04350
19990331     0.10629
19990430    -0.04746
19990528    -0.03499
19990630     0.11125
19990730    -0.03230
19990831     0.03039
19990930     0.05876
19991029     0.14286
19991130    -0.03967
19991231     0.19239
20000131    -0.13651
20000229    -0.00935
20000331     0.17873
20000428     0.01044
20000531     0.00517
20000630     0.00593
20000731    -0.02690
20000831     0.14095
20000929    -0.01471
20001031    -0.04984
20001130    -0.09578
20001229    -0.02956
20010131    -0.04083
20010228     0.01131
20010330    -0.09634
20010430     0.15934
20010531     0.00968
20010629    -0.00510
20010731    -0.10441
20010831    -0.05793
20010928    -0.08834
20011031    -0.02124
20011130     0.05740
20011231     0.04571
20020131    -0.07310
20020228     0.04118
20020328    -0.02727
20020430    -0.15754
20020531    -0.01300
20020628    -0.06134
20020731     0.10843
20020830    -0.06366
20020930    -0.17645
20021031     0.02434
20021129     0.07406
20021231    -0.09513
20030131    -0.04969
20030228     0.04754
20030331     0.06029
20030430     0.15490
20030530    -0.02547
20030630     0.00592
20030731    -0.00837
20030829     0.03973
20030930     0.01454
20031031    -0.02684
20031128    -0.01172
20031231     0.08755
