   2.360   2.830
   2.480   3.050
   2.450   3.110
   2.380   2.930
   2.280   2.950
   2.200   2.870
   1.790   2.660
   1.670   2.680
   1.660   2.590
   1.410   2.480
   1.140   2.470
   1.130   2.370
   0.960   2.290
   0.850   2.370
   0.820   2.380
   0.840   2.300
   0.880   2.360
   1.030   2.380
   1.170   2.430
   1.140   2.480
   1.210   2.510
   1.390   2.610
   1.570   2.650
   1.590   2.680
   1.750   2.750
   1.900   2.760
   1.910   2.780
   2.020   2.900
   2.370   2.970
   2.360   2.970
   2.390   2.880
   2.480   2.890
   2.730   2.960
   2.580   2.900
   2.490   2.840
   2.610   2.960
   2.920   3.180
   2.940   3.070
   2.740   3.000
   2.760   3.110
   3.100   3.330
   3.350   3.380
   3.280   3.340
   3.440   3.490
   3.680   3.590
   3.370   3.460
   3.380   3.340
   3.420   3.410
   3.490   3.480
   3.480   3.600
   3.650   3.800
   3.810   3.930
   4.010   3.930
   4.070   3.920
   4.010   3.970
   3.570   3.720
   3.180   3.210
   2.650   3.090
   1.990   3.050
   1.840   2.980
   1.450   2.880
   1.370   2.920
   1.230   2.970
   1.610   3.200
   2.500   3.540
   3.050   3.760
   3.190   3.800
   3.100   3.740
   3.290   3.860
   3.360   4.020
   3.540   3.960
   3.610   3.990
   3.720   4.120
   3.960   4.310
   4.070   4.340
   4.390   4.400
   4.420   4.430
   5.000   4.680
   4.800   4.530
   4.810   4.530
   5.140   4.690
   5.030   4.720
   4.660   4.490
   4.020   4.250
   4.040   4.280
   4.210   4.350
   3.360   4.150
   3.200   3.900
   2.950   3.800
   3.070   3.800
   3.040   3.890
   3.080   3.930
   2.860   3.840
   2.810   3.840
   2.930   3.780
   2.880   3.740
   2.880   3.780
   2.870   3.710
   3.060   3.880
   2.920   3.920
   3.060   4.040
   3.060   3.980
   3.050   3.920
   3.070   3.940
   3.180   4.060
   3.280   4.080
   3.280   4.040
   3.060   3.930
   2.990   3.840
   3.030   3.870
   3.030   3.910
   3.290   4.010
   3.200   3.980
   3.060   3.980
   2.980   3.930
   3.000   3.920
   3.010   3.860
   3.040   3.830
   3.010   3.920
   3.030   3.930
   3.110   3.970
   3.120   3.930
   3.200   3.990
   3.480   4.020
   3.530   4.000
   3.570   4.080
   3.640   4.110
   3.740   4.120
   3.810   4.130
   3.790   4.170
   3.780   4.150
   3.910   4.220
   3.910   4.230
   3.840   4.200
   3.830   4.170
   3.720   4.190
   3.740   4.190
   3.840   4.200
   3.860   4.190
   3.910   4.150
   4.020   4.180
   3.940   4.190
   4.030   4.210
   4.060   4.210
   4.040   4.200
   4.030   4.210
   3.990   4.210
   3.980   4.200
   4.070   4.250
   4.200   4.290
   4.300   4.350
   4.370   4.450
   4.720   4.620
   4.880   4.610
   4.940   4.830
   4.970   4.870
   4.900   4.750
   4.930   4.780
   4.970   4.810
   5.170   5.020
   5.540   5.220
   5.820   5.180
   5.580   5.010
   5.540   5.160
   5.200   4.840
   4.750   4.580
   4.710   4.630
   4.350   4.540
   4.110   4.590
   4.150   4.850
   4.480   5.020
   5.010   5.160
   5.130   5.280
   5.240   5.300
   5.370   5.480
   5.610   5.750
   5.710   5.700
   5.430   5.530
   5.410   5.560
   5.580   5.740
   5.710   5.640
   6.140   5.870
   5.980   5.720
   5.650   5.500
   5.430   5.420
   5.450   5.460
   5.570   5.580
   5.750   5.700
   6.190   6.030
   6.340   6.040
   6.410   6.190
   6.340   6.300
   6.260   6.170
   6.420   6.320
   7.040   6.570
   7.600   6.720
   7.540   6.690
   7.820   7.160
   7.640   7.100
   7.890   7.140
   8.170   7.650
   8.100   7.790
   7.590   7.240
   6.970   7.070
   7.060   7.390
   7.750   7.910
   7.550   7.840
   7.100   7.460
   6.980   7.530
   6.730   7.390
   6.430   7.330
   5.510   6.840
   5.000   6.390
   4.570   6.240
   3.890   6.110
   3.690   5.700
   4.300   5.830
   5.040   6.390
   5.640   6.520
   6.040   6.730
   5.800   6.580
   5.410   6.140
   4.910   5.930
   4.670   5.810
   4.600   5.930
   4.280   5.950
   4.270   6.080
   4.670   6.070
   4.960   6.190
   4.640   6.130
   4.930   6.110
   4.960   6.110
   4.980   6.210
   5.520   6.550
   5.520   6.480
   5.270   6.280
   5.520   6.360
   5.890   6.460
   6.190   6.640
   6.850   6.710
   6.850   6.670
   6.890   6.850
   7.310   6.900
   8.390   7.130
   8.820   7.400
   8.310   7.090
   7.400   6.790
   7.570   6.730
   7.270   6.740
   7.420   6.990
   6.880   6.960
   7.760   7.210
   8.620   7.510
   8.780   7.580
   8.670   7.540
   8.800   7.810
   9.360   8.040
   8.870   8.040
   8.050   7.900
   7.660   7.680
   7.310   7.430
   6.830   7.500
   5.980   7.390
   6.110   7.730
   6.900   8.230
   6.390   8.060
   6.290   7.860
   7.110   8.060
   7.700   8.400
   7.750   8.430
   6.950   8.140
   6.490   8.050
   6.600   8.000
   5.810   7.740
   5.910   7.790
   6.210   7.730
   5.920   7.560
   6.400   7.900
   6.520   7.860
   6.200   7.830
   6.000   7.770
   5.840   7.590
   5.500   7.410
   5.290   7.290
   4.890   6.870
   5.290   7.210
   5.470   7.390
   5.500   7.460
   5.440   7.370
   5.840   7.460
   5.800   7.280
   5.940   7.330
   6.370   7.400
   6.530   7.340
   6.970   7.520
   6.950   7.580
   6.960   7.690
   7.280   7.960
   7.340   8.030
   7.310   8.040
   7.450   8.150
   7.820   8.350
   8.090   8.460
   8.390   8.640
   8.310   8.410
   8.640   8.420
   9.140   8.640
  10.010   8.810
  10.300   9.010
  10.410   9.100
  10.240   9.100
  10.250   9.120
  10.120   9.180
  10.120   9.250
   9.570   8.910
   9.640   8.950
   9.980   9.030
  10.840   9.330
  12.440  10.300
  12.390  10.650
  11.980  10.390
  12.060  10.800
  13.920  12.410
  15.820  12.750
  13.300  11.470
   9.390  10.180
   8.160   9.780
   8.650  10.250
  10.240  11.100
  11.520  11.510
  12.490  11.750
  14.150  12.680
  14.880  12.840
  14.080  12.570
  14.570  13.190
  13.710  13.120
  14.320  13.680
  16.200  14.100
  14.860  13.470
  15.720  14.280
  16.720  14.940
  16.520  15.320
  15.380  15.150
  12.410  13.390
  12.850  13.720
  14.320  14.590
  14.730  14.430
  13.950  13.860
  13.980  13.870
  13.340  13.620
  14.070  14.300
  13.240  13.950
  11.430  13.060
  10.850  12.340
   9.320  10.910
   9.160  10.550
   8.910  10.540
   8.620  10.460
   8.920  10.720
   9.040  10.510
   8.980  10.400
   8.900  10.380
   9.660  10.850
  10.200  11.380
  10.530  11.850
  10.160  11.650
   9.810  11.540
   9.940  11.690
  10.110  11.830
   9.900  11.670
  10.040  11.840
  10.590  12.320
  10.900  12.630
  11.660  13.410
  12.080  13.560
  12.030  13.360
  11.820  12.720
  11.580  12.520
  10.900  12.160
   9.820  11.570
   9.330  11.500
   9.020  11.380
   9.290  11.510
   9.860  11.860
   9.140  11.430
   8.460  10.850
   7.800  10.160
   7.860  10.310
   8.050  10.330
   8.070  10.370
   8.010  10.240
   7.880   9.780
   7.670   9.260
   7.730   9.190
   7.610   8.700
   7.030   7.780
   6.440   7.300
   6.650   7.710
   6.730   7.800
   6.270   7.300
   5.930   7.170
   5.770   7.450
   5.720   7.430
   5.800   7.250
   5.870   7.110
   5.780   7.080
   5.960   7.250
   6.030   7.250
   6.500   8.020
   7.000   8.610
   6.800   8.400
   6.680   8.450
   7.030   8.760
   7.670   9.420
   7.590   9.520
   6.960   8.860
   7.170   8.990
   6.990   8.670
   6.640   8.210
   6.710   8.370
   7.010   8.720
   7.400   9.090
   7.490   8.920
   7.750   9.060
   8.170   9.260
   8.090   8.980
   8.110   8.800
   8.480   8.960
   8.990   9.110
   9.050   9.090
   9.250   9.170
   9.570   9.360
   9.360   9.180
   8.980   8.860
   8.440   8.280
   7.890   8.020
   8.180   8.110
   8.220   8.190
   7.990   8.010
   7.770   7.870
   7.720   7.840
   7.920   8.210
   8.110   8.470
   8.350   8.590
   8.400   8.790
   8.320   8.760
   8.100   8.480
   7.940   8.470
   7.780   8.750
   7.760   8.890
   7.550   8.720
   7.310   8.390
   7.050   8.080
   6.640   8.090
   6.270   7.850
   6.400   8.110
   6.240   8.040
   6.130   8.070
   6.360   8.280
   6.310   8.270
   5.780   7.900
   5.570   7.650
   5.330   7.530
   4.890   7.420
   4.380   7.090
   4.150   7.030
   4.290   7.340
   4.630   7.540
   4.300   7.480
   4.190   7.390
   4.170   7.260
   3.600   6.840
   3.470   6.590
   3.180   6.420
   3.300   6.590
   3.680   6.870
   3.710   6.770
   3.500   6.600
   3.390   6.260
   3.330   5.980
   3.240   5.970
   3.360   6.040
   3.540   5.960
   3.470   5.810
   3.440   5.680
   3.360   5.360
   3.390   5.330
   3.580   5.720
   3.610   5.770
   3.540   5.750
   3.870   5.970
   4.320   6.480
   4.820   6.970
   5.310   7.180
   5.270   7.100
   5.480   7.300
   5.560   7.240
   5.760   7.460
   6.110   7.740
   6.540   7.960
   7.140   7.810
   7.050   7.780
   6.700   7.470
   6.430   7.200
   6.270   7.060
   6.000   6.630
   5.640   6.170
   5.590   6.280
   5.750   6.490
   5.620   6.200
   5.590   6.040
   5.430   5.930
   5.310   5.710
   5.090   5.650
   4.940   5.810
   5.340   6.270
   5.540   6.510
   5.640   6.740
   5.810   6.910
   5.850   6.870
   5.670   6.640
   5.830   6.830
   5.550   6.530
   5.420   6.200
   5.470   6.300
   5.610   6.580
   5.530   6.420
   5.800   6.690
   5.990   6.890
   5.870   6.710
   5.690   6.490
   5.540   6.220
   5.560   6.300
   5.520   6.210
   5.460   6.030
   5.460   5.880
   5.530   5.810
   5.240   5.540
   5.310   5.570
   5.390   5.650
   5.380   5.640
   5.440   5.650
   5.410   5.500
   5.360   5.460
   5.210   5.340
   4.710   4.810
   4.120   4.530
   4.530   4.830
   4.520   4.650
   4.510   4.720
   4.700   5.000
   4.780   5.230
   4.690   5.180
   4.850   5.540
   5.100   5.900
   5.030   5.790
   5.200   5.940
   5.250   5.920
   5.430   6.110
   5.550   6.030
   5.840   6.280
   6.120   6.660
   6.220   6.520
   6.220   6.260
   6.150   5.990
   6.330   6.440
   6.170   6.100
   6.080   6.050
   6.180   5.830
   6.130   5.800
   6.010   5.740
