  -6.603  -3.862
  -0.787   1.614
  -0.794  -0.588
 -15.996  -6.397
 -14.365  -8.991
 -14.580  -8.538
  13.169   6.162
   2.551   1.516
 -11.417  -4.941
  -2.145   0.443
  14.315   9.673
  -2.156   1.340
   8.300   4.796
  -5.581  -2.927
   5.180   3.485
   9.671   4.738
   3.079   1.423
  -8.983  -2.041
  -0.402  -0.347
   2.556   4.760
   1.617  -1.109
   8.885   3.171
  -1.530  -1.060
   4.384   2.415
   6.675   2.657
   5.081   0.982
   4.342   1.506
  -4.123   0.606
   5.346   1.138
  -0.627   1.629
  -3.196   1.808
  -4.482  -1.636
  -0.912   2.832
  -3.853   0.805
  -1.499  -0.520
  -0.730   0.390
   9.097   3.262
   1.932  -0.148
  -0.330  -1.464
   6.550   3.367
  -1.140  -0.777
  -4.274  -4.985
   4.483   1.334
   4.391   2.227
   2.669   3.151
   3.922   2.698
  -1.228  -0.880
  -5.079   0.891
  -0.603   0.486
   4.050  -1.803
   0.194  -2.206
   7.736   2.030
  -2.125  -5.566
  -3.013  -1.627
  -2.821  -1.354
  -5.784  -8.094
  -0.940  -0.702
   4.466   4.644
  12.737   0.312
  -1.204  -0.149
   7.266   7.527
   7.613   0.196
   4.768   3.865
   9.612   4.137
  -3.587  -5.387
   6.487   1.736
   2.039   4.434
  -1.368  -1.179
   9.262   3.226
   7.931  -2.949
   3.249   0.106
   2.421   2.594
  -5.322  -4.484
  -2.245  -3.172
   5.452   0.936
  10.086   7.875
   5.429   1.111
  -0.914   0.908
  -4.333  -1.865
  -0.919   1.139
   0.000   3.782
  -8.517   0.718
   8.354   4.685
  -5.782  -4.251
  -6.136  -0.821
  -0.702  -4.853
   6.794   3.386
   4.362   2.125
  -2.532  -0.222
   5.712  -5.718
  -4.002  -6.207
   6.416   3.929
   0.072  -2.534
   4.322   4.329
  -0.695  -3.591
   2.079  -1.883
  -8.365  -7.955
   1.832   5.135
  -0.515   0.145
 -12.744  -9.484
  -6.517  -6.291
 -10.616  -5.132
   1.371   7.073
   5.401   4.350
   9.146   3.247
   1.176  -1.147
   4.408   4.636
   3.360   5.522
   2.410   3.968
   3.709   0.903
   6.054   3.614
   0.070   3.565
  -8.591  -4.245
  -3.106   0.070
  -8.472  -4.220
   4.711   3.546
  -0.082  -0.699
  -1.076  -4.269
   2.075  -0.255
   9.665   8.267
   8.948   1.796
   0.502   2.499
   3.663   0.589
   0.976   0.437
   3.338   1.713
  -1.457  -2.206
   2.207   0.233
   2.246   3.387
  -0.491  -0.487
  -5.304   0.928
   1.761   4.461
   2.774   1.176
   8.004  -1.726
  -0.599  -3.821
   0.000  -0.143
  -5.600  -4.166
  -3.279  -1.906
   0.712  -0.659
  -0.792   3.728
  -4.016  -3.737
 -15.415   3.932
   8.272  -0.129
  -5.174 -12.088
  -7.136   1.643
  -0.610  -1.010
  -2.516  -0.363
  -0.897  -2.356
  -3.673  -3.983
  -6.110  -3.413
   0.118  -1.478
  -5.371  -8.098
  -4.113  -9.462
 -18.860 -12.707
  17.351  15.105
  -5.642  -5.465
  -5.360  -2.036
  11.381  11.583
  14.212   5.817
  -4.205   2.146
   1.561   4.618
   3.108   4.316
  -2.831   4.337
  -9.399  -7.005
  -1.190  -2.130
   1.068  -3.526
  11.999   5.981
   7.213   2.441
  -0.943  -1.158
  13.923  11.182
  -0.145  -1.147
   2.463   3.023
  -3.347  -1.106
   1.954  -1.446
   7.550   4.011
  -1.685  -0.809
   1.369  -0.513
   2.793   2.239
  -3.481  -2.248
   0.550  -0.780
   2.954   5.117
  -1.398  -5.185
   1.174  -2.190
   0.181  -1.413
  -6.635   0.020
  -4.244  -2.385
   7.266   4.436
   1.551  -1.635
   1.021  -2.126
  -2.786  -0.248
  -1.447  -4.438
   3.533   2.661
   3.535   0.285
  -2.969  -6.348
  -4.376  -2.507
  -6.474   2.462
  12.178   8.197
  -1.848   0.422
  -0.388  -1.775
   8.830   5.251
   4.779   2.559
  -5.230  -0.729
  -4.712  -9.604
   3.031   1.650
  10.220   1.478
   3.376   3.898
  -1.735  -3.721
   5.038   5.368
  -0.397   0.167
  -2.191  -2.669
  -3.515   3.793
  -5.066   0.871
   1.578   5.172
  -3.267   0.000
  -8.266  -7.108
   5.816   4.174
  -1.350   1.663
   6.393   5.602
  -6.417  -0.439
 -13.017 -10.735
  -1.582   4.032
   2.448   4.552
   5.916   2.661
  10.494   6.301
   1.687   0.582
  -2.121   2.486
   3.825   1.589
   3.481   9.747
  -0.368  -3.446
  -5.295  -4.682
   1.136   1.319
  -2.961   3.540
  -6.200  -2.374
   1.666  -0.166
  -1.500  -1.046
  -3.071  -0.221
  -0.249  -6.411
  -1.831  -5.533
  -4.972   4.798
   7.227   3.594
   4.266  -3.054
  11.215  -1.770
  -1.409  -6.246
  -3.494  -1.022
   7.261   3.923
  -2.986  -3.995
  -1.433  -2.050
   7.925  -2.326
   8.378  10.973
   3.997   0.758
   8.488  10.468
   8.958   3.548
  10.681   1.505
   2.690   3.259
   0.991   1.882
   2.740   3.255
  13.966   7.225
  -4.190  -1.243
   7.779   3.461
   0.104  -3.357
   0.062   1.126
   5.989   1.011
  -0.099  -1.529
  -6.878   1.728
   3.864  -0.887
  -6.673  -0.926
  -2.596  -3.964
   3.344   1.341
  -0.219   0.546
  -4.542  -6.119
  -1.873   1.732
   4.620  -1.659
  11.983  10.105
   0.403  -0.349
   1.180  -0.006
  -2.334  -1.523
   1.123   2.212
  10.220   7.147
  -0.939   0.864
  -5.365  -0.293
  -0.395  -0.460
   2.517   5.264
  -3.864   1.206
   5.980  -0.486
  -2.817  -1.206
  -2.196  -3.534
   4.730   4.163
   8.112   6.303
  10.679   4.407
  -2.606   0.237
   0.314   6.905
   0.413   5.144
   3.087  -1.425
  -1.792   4.901
  -3.932   1.401
 -10.044  -6.047
   5.399   6.877
  -3.111  -8.931
  -8.432   5.328
   3.653   2.125
  -5.768  -2.870
   7.038  12.378
   8.805   3.625
   7.340   2.605
   6.449  -1.152
   0.607   0.601
   1.551   4.680
  -0.927   4.709
   5.130   3.436
 -11.057  -2.447
 -20.752 -24.543
  -9.095  -8.921
   4.200   7.033
  -2.743   3.963
   5.391   4.097
  -8.778  -3.391
   5.205   0.938
   0.198   0.317
  12.418   4.235
  -1.284  -0.542
 -11.045  -3.936
   3.416   3.896
   6.094   2.563
  -2.498  -1.907
   2.808   1.458
   6.933   6.870
  -6.341  -2.937
 -10.742   2.060
   4.370   4.888
  -2.815   3.454
   2.031  -0.795
   2.755   8.468
   2.859   1.540
  -6.961  -0.656
  -8.597  -2.550
  -1.421   1.640
  -3.651   2.119
   4.670  -7.130
   6.344   0.850
   2.143   2.397
   2.673  -2.726
  10.618   8.800
  -2.105  -0.893
  -5.241  -0.523
  -7.847  -9.906
   4.322  -5.254
  -0.944  -0.672
   8.597   5.820
  -0.552   2.453
  11.483   4.068
   2.501   6.511
 -12.277   2.196
 -10.037   0.035
   4.123   3.785
  -8.862  -4.907
   4.159   4.388
  -3.176   1.946
   6.736  -1.933
  -5.326   1.179
  -4.731  -4.492
  -3.857  10.579
   1.118  -2.010
  -2.151   0.951
  -3.962  -2.207
   8.327   2.751
   1.324   0.096
   7.558  -1.751
  -3.245   3.861
  -7.578  -2.429
  -7.023   0.907
 -18.854   0.211
   3.792   2.981
 -30.368   1.006
   2.208   0.703
   6.420   1.043
  -6.654   1.853
  -4.524  -2.575
   9.161   2.247
  -6.612   0.076
 -10.395  -0.534
   3.315   3.385
  -8.553  -1.004
   9.097   1.920
  16.265  -1.299
   4.757   1.004
   0.000   3.198
  -6.159  -3.051
   3.256  -4.683
   5.129   1.146
   9.531   1.234
  -6.984  -2.718
   5.182   3.098
  10.536   3.695
   1.629  -2.727
   6.768   2.062
  -4.812  -4.030
   3.813   1.222
  -1.889   2.399
   4.573   3.543
   8.742   2.696
  14.168   2.758
  -1.464   3.567
   3.175   2.106
  12.585   3.129
  -4.942  -0.032
  -8.976   3.932
   2.868  -0.499
  -0.387   4.023
  -5.586   1.729
  17.177   3.210
  12.442   0.691
  -9.735   0.789
  -3.197   1.334
  -0.605   2.259
  -7.537   0.226
   8.237  -4.683
   6.505   1.864
   8.482   5.278
   3.550   2.577
  21.364   7.081
  -5.067  -2.174
   3.487   5.951
  -8.494   0.591
  -4.627  -4.354
  15.649   5.677
   7.730   5.693
   4.244   4.253
  15.850   7.525
  -4.028  -5.919
   4.461   5.179
  -7.338  -3.509
  10.770   4.362
  -4.554   1.561
  -5.779   1.010
   5.791   6.808
  -0.540   4.874
  10.932   0.905
   1.579  -1.902
  -2.314   3.868
  14.329  -1.169
 -16.057 -15.732
  13.186   6.030
  14.465   7.719
  10.745   5.745
  11.027   5.485
  -0.612   4.019
  -7.523  -3.281
   4.323   3.806
  16.567   3.724
  10.454  -2.529
  10.815   5.301
  -2.795  -3.257
  -0.803  -0.627
  -2.902  -2.897
 -20.828   6.066
   4.898   1.888
   4.563   5.623
