-0.010381
-0.024476
-0.115591
 0.089783
 0.036932
 0.068493
 0.000000
 0.000000
 0.065104
 0.032258
 0.031250
 0.030303
 0.023041
 0.081081
 0.183333
 0.078571
 0.149007
-0.048991
 0.085890
 0.031073
 0.019178
-0.008152
 0.090411
 0.218593
 0.041667
 0.028000
 0.004864
-0.006843
-0.015748
-0.004000
-0.010142
 0.071721
 0.078394
 0.035778
 0.105354
 0.031953
-0.020032
 0.053148
 0.001553
 0.124219
-0.011814
 0.188467
 0.109524
 0.034335
-0.048237
-0.189041
-0.222973
 0.193739
 0.010802
 0.067939
 0.049321
-0.004121
 0.075862
-0.105128
 0.000000
 0.040462
-0.112500
-0.097946
 0.022767
 0.089041
 0.025000
 0.125203
-0.049133
-0.023006
-0.211931
 0.191235
-0.091216
 0.070632
-0.229167
 0.114155
-0.016393
-0.075312
-0.045564
 0.023869
-0.042945
-0.166667
-0.162500
-0.048507
 0.200803
 0.351171
 0.024752
-0.132353
-0.097458
 0.145540
 0.020833
-0.167347
 0.169935
 0.261364
 0.081081
 0.137500
 0.029630
 0.061151
-0.094915
-0.016098
 0.124158
-0.011986
 0.029772
-0.020408
-0.065972
 0.075188
-0.066434
 0.057116
-0.043868
 0.029963
 0.036364
-0.014184
 0.111511
 0.016505
-0.006557
 0.049505
 0.010220
 0.093480
-0.008621
 0.034783
 0.033898
-0.006831
-0.013755
 0.014065
 0.012483
 0.014938
 0.024527
-0.047880
 0.034483
-0.092437
 0.024691
 0.045181
-0.045058
 0.022831
 0.024182
 0.002565
 0.114035
-0.001312
-0.044371
-0.015939
-0.045387
 0.016419
-0.070769
 0.003311
 0.070000
-0.065421
-0.015000
-0.022222
-0.076923
 0.047348
 0.071298
 0.047782
-0.100489
 0.069231
 0.017986
 0.095406
 0.065147
-0.006116
 0.012308
 0.070552
 0.008596
 0.059659
-0.039865
 0.037298
-0.034057
-0.014881
 0.070242
-0.003529
 0.068571
-0.093583
-0.014749
 0.087613
 0.000000
 0.039583
-0.028956
 0.051318
-0.006794
-0.013361
-0.161796
-0.047619
 0.025271
 0.005282
 0.094571
 0.017771
 0.006349
 0.017350
 0.000704
-0.014778
 0.033750
-0.081807
 0.066489
 0.034913
 0.025953
-0.007115
 0.025478
-0.031348
 0.003236
-0.016129
-0.111672
-0.037182
-0.036585
-0.008547
 0.039332
 0.105236
 0.028463
 0.018450
 0.003623
 0.020073
 0.059034
 0.020270
 0.079849
 0.011382
 0.042208
 0.006231
 0.049536
 0.008929
-0.014749
 0.032934
 0.019006
-0.010043
-0.031884
 0.045317
-0.028902
-0.021875
 0.108065
-0.009461
 0.013960
 0.005848
 0.012718
 0.037675
 0.006974
-0.036011
 0.064655
 0.006803
-0.015270
 0.049712
-0.008997
 0.044693
 0.044118
-0.015484
 0.005242
 0.014342
 0.041451
 0.104478
 0.099099
-0.018557
 0.024160
 0.033333
 0.057500
 0.125296
 0.048319
-0.016129
 0.012295
-0.062753
-0.082609
-0.009479
 0.002990
 0.009610
 0.051755
-0.038462
-0.011848
-0.071942
 0.041344
 0.030000
 0.043689
 0.000000
 0.002342
 0.011682
 0.055139
 0.057560
-0.079167
 0.069005
 0.048507
 0.007117
 0.038869
 0.000000
-0.047945
 0.084532
-0.048414
 0.080702
-0.028409
 0.049622
 0.053365
-0.047923
 0.048986
 0.030596
 0.000000
-0.047170
 0.102310
 0.000000
 0.060241
 0.117898
-0.013977
 0.176166
 0.054626
-0.008772
 0.037778
-0.019272
 0.021834
-0.098712
-0.095238
 0.094737
 0.028986
-0.009390
 0.010664
 0.017668
 0.057292
-0.041379
-0.018072
 0.006135
-0.002439
-0.017199
 0.070000
 0.039720
-0.020316
-0.064516
 0.009852
 0.071078
-0.032895
-0.048447
 0.007874
-0.013021
 0.060686
 0.095000
-0.004566
-0.008028
-0.019744
 0.021327
 0.071926
 0.073967
-0.013815
 0.028017
 0.014737
-0.049793
 0.050218
-0.030271
 0.033369
-0.004167
-0.029412
 0.008658
 0.032189
 0.057098
 0.054656
 0.044146
 0.232472
 0.005988
 0.069568
 0.047120
-0.005000
-0.048576
 0.035336
 0.063140
 0.186196
-0.017639
 0.026243
 0.004038
 0.067204
 0.078086
-0.021028
-0.007177
 0.015663
-0.039146
-0.017327
-0.042821
 0.047368
 0.040491
-0.032258
 0.051282
 0.210269
 0.070707
 0.015330
 0.139697
 0.052094
-0.057282
-0.065015
 0.030905
 0.047109
 0.106557
-0.040741
-0.016409
 0.021632
 0.101059
 0.061617
 0.123939
 0.016616
-0.059138
-0.049051
-0.006656
 0.040536
 0.008468
 0.054098
 0.023795
 0.053272
 0.014451
-0.004558
 0.058065
 0.001355
 0.008525
 0.096774
 0.066176
 0.029080
 0.226790
-0.064953
 0.058771
 0.026465
 0.079190
 0.204352
-0.046809
-0.044643
-0.007009
-0.030624
-0.006075
 0.067482
 0.005161
-0.050770
 0.006611
 0.050239
 0.030752
 0.115470
 0.035714
 0.004789
 0.023356
-0.037313
-0.009690
 0.091487
 0.064632
 0.072513
 0.062500
 0.029630
 0.027338
 0.027521
-0.026612
 0.024185
 0.067967
 0.035611
 0.092007
-0.011745
-0.001724
-0.063903
-0.007841
-0.007914
-0.147818
-0.133811
-0.135669
 0.140752
 0.025840
-0.107886
-0.021216
 0.153902
-0.021330
 0.086538
-0.054277
 0.053158
 0.101544
 0.031267
-0.085909
-0.004011
 0.025892
 0.016301
 0.092920
-0.015182
 0.044822
 0.069034
 0.052122
 0.044376
-0.040387
 0.054910
-0.006250
-0.031447
-0.043831
-0.009081
-0.037801
-0.014881
-0.007273
 0.095238
 0.019509
-0.003291
 0.067694
-0.011340
-0.041841
 0.045852
 0.044885
 0.027054
 0.040000
-0.012195
-0.049524
-0.006012
 0.041331
 0.001942
 0.080426
-0.021031
-0.029680
-0.027817
-0.056200
-0.009360
 0.045669
 0.135843
-0.011968
 0.075370
 0.079099
 0.048837
 0.100887
-0.035234
 0.067024
 0.020603
-0.013589
 0.097049
 0.082535
 0.033024
 0.024510
-0.051834
-0.022204
 0.056034
 0.106122
 0.055793
-0.009104
-0.042403
-0.009151
 0.000000
-0.081642
 0.087134
-0.056180
-0.059524
-0.007004
 0.070303
 0.044586
-0.025000
 0.058777
-0.039230
 0.066256
 0.000725
 0.044171
-0.006935
 0.021008
-0.080247
 0.018494
-0.005143
-0.119645
-0.063087
-0.100719
 0.013800
 0.055500
 0.095775
 0.011825
 0.045068
 0.034174
 0.024390
 0.037788
 0.062407
 0.000699
-0.082320
-0.030581
-0.081230
 0.048240
-0.000822
-0.010700
 0.020965
 0.101473
 0.093611
 0.005027
 0.037313
 0.009810
 0.033938
-0.014456
 0.022321
 0.022707
-0.004896
-0.051661
 0.017769
 0.028133
 0.083333
-0.005970
 0.000000
-0.054461
-0.032261
 0.007149
-0.007886
-0.039364
-0.142857
 0.086240
-0.050419
-0.068868
-0.006079
-0.024852
-0.008933
-0.036055
-0.059274
 0.001176
-0.052291
-0.040298
-0.171875
 0.189465
-0.054858
-0.052186
 0.120536
 0.152722
-0.041183
 0.015729
 0.031566
-0.027907
-0.089713
-0.011827
 0.010738
 0.127490
 0.074794
-0.009387
 0.149387
-0.001455
 0.024939
-0.032920
 0.019734
 0.078422
-0.016712
 0.013780
 0.028323
-0.034207
 0.005520
 0.029982
-0.013883
 0.011807
 0.001812
-0.064195
-0.041546
 0.075356
 0.015625
 0.010256
-0.027480
-0.014368
 0.035957
 0.035985
-0.029250
-0.042825
-0.062687
 0.129512
-0.018308
-0.003872
 0.092323
 0.048950
-0.050964
-0.046029
 0.030766
 0.107607
 0.034338
-0.017198
 0.051667
-0.003962
-0.021671
-0.034539
-0.049404
 0.015914
-0.032143
-0.079336
 0.059880
-0.013410
 0.066019
-0.062149
-0.122047
-0.015695
 0.024784
 0.060948
 0.110638
 0.017011
-0.020992
 0.038986
 0.035422
-0.003670
-0.051565
 0.011417
-0.029183
-0.060120
 0.016802
-0.014894
-0.030238
-0.002494
-0.018141
-0.048499
 0.074951
 0.043578
 0.118681
-0.013988
-0.034343
 0.075314
-0.029416
-0.014228
 0.082474
 0.087390
 0.040780
 0.088586
 0.093709
 0.112717
 0.027273
 0.009962
 0.027778
 0.149877
-0.041026
 0.080899
 0.001040
 0.000623
 0.061715
-0.000985
-0.066469
 0.039404
-0.064549
-0.025630
 0.034014
-0.002193
-0.044396
-0.018561
 0.047281
 0.127314
 0.004040
 0.011871
-0.023069
 0.011294
 0.107614
-0.009349
-0.052239
-0.003937
 0.025494
-0.037901
 0.061616
-0.027783
-0.021718
 0.048436
 0.084504
 0.112701
-0.025723
 0.003135
 0.004143
 0.031353
-0.017760
-0.038556
-0.095563
 0.055472
-0.030631
-0.080855
 0.037209
-0.056047
 0.072917
 0.092039
 0.076165
 0.066611
 0.006089
 0.015625
-0.009231
 0.052640
-0.104677
-0.187396
-0.086939
 0.042889
-0.027056
 0.055395
-0.084043
 0.053426
 0.001985
 0.132222
-0.012758
-0.104573
 0.034753
 0.062839
-0.024669
 0.028481
 0.071795
-0.061435
-0.101852
 0.044674
-0.027763
 0.020525
 0.027933
 0.029000
-0.067236
-0.082380
-0.014115
-0.035851
 0.047809
 0.065501
 0.021661
 0.027091
 0.112018
-0.020833
-0.051064
-0.075471
 0.044172
-0.009401
 0.089775
-0.005501
 0.121681
 0.025325
-0.115534
-0.095499
 0.042087
-0.084806
 0.042471
-0.031259
 0.069677
-0.051870
-0.046209
-0.037838
 0.011236
-0.021278
-0.038849
 0.086826
 0.013333
 0.078512
-0.031928
-0.072982
-0.067821
-0.171827
 0.038654
-0.261905
 0.022333
 0.066311
-0.064368
-0.044226
 0.095938
-0.063981
-0.098734
 0.033708
-0.081967
 0.095238
 0.176630
 0.048724
 0.000000
-0.059735
 0.033097
 0.052632
 0.100000
-0.067460
 0.053191
 0.111111
 0.016423
 0.070018
-0.046980
 0.038869
-0.018707
 0.046794
 0.091362
 0.152207
-0.014531
 0.032258
 0.134115
-0.048220
-0.085852
 0.029101
-0.003856
-0.054334
 0.187414
 0.132488
-0.092762
-0.031461
-0.006032
-0.072600
 0.085859
 0.067209
 0.088525
 0.036145
 0.238178
-0.049412
 0.035479
-0.081434
-0.045217
 0.169399
 0.079128
 0.043353
 0.171745
-0.039480
 0.045623
-0.070755
 0.113706
-0.044521
