19650129     0.04282
19650226    -0.00242
19650331     0.00969
19650430     0.09398
19650528    -0.03524
19650630    -0.00228
19650730     0.03678
19650831     0.08869
19650930     0.00204
19651029     0.13673
19651130    -0.01616
19651231     0.03676
19660131     0.00177
19660228     0.03717
19660331     0.05870
19660429    -0.02589
19660531    -0.01827
19660630     0.05144
19660729    -0.03554
19660831    -0.07538
19660930     0.04239
19661031     0.02618
19661130     0.08231
19661230    -0.02848
19670131    -0.00651
19670228     0.03279
19670331     0.03937
19670428     0.03988
19670531    -0.09145
19670630     0.06948
19670731     0.07622
19670831    -0.00283
19670929    -0.00739
19671031    -0.04885
19671130     0.03776
19671229    -0.01048
19680131    -0.06963
19680229    -0.01274
19680329     0.02129
19680430     0.10476
19680531     0.01724
19680628    -0.00113
19680730    -0.02415
19680830     0.03523
19680930    -0.05085
19681031     0.04018
19681129     0.03577
19681231     0.00166
19690131     0.03333
19690228    -0.10215
19690328     0.05030
19690430     0.02865
19690529     0.03343
19690630     0.00350
19690731    -0.01889
19690829     0.05640
19690930    -0.00703
19691031     0.10672
19691128     0.01905
19691231     0.06262
19700130    -0.10619
19700227     0.07921
19700331    -0.05963
19700430    -0.07598
19700529    -0.10875
19700630     0.04315
19700731    -0.07030
19700831    -0.01235
19700930     0.11250
19701030    -0.01130
19701130     0.01143
19701231     0.12486
19710129    -0.03788
19710226     0.01050
19710331     0.04597
19710430     0.03620
19710528     0.00241
19710630    -0.01514
19710730     0.00859
19710831     0.04258
19710930     0.05298
19711029     0.02339
19711130     0.02612
19711231     0.05663
19720131     0.04839
19720229     0.02692
19720330     0.04438
19720428     0.04590
19720531     0.00688
19720630     0.06701
19720731     0.08682
19720831    -0.03254
19720929     0.00642
19721031     0.04268
19721130    -0.00731
19721229     0.05355
19730131     0.05470
19730228    -0.01596
19730330     0.03697
19730430    -0.07712
19730531     0.01133
19730629     0.01031
19730731     0.03477
19730831    -0.12183
19730928     0.00614
19731031     0.05038
19731130    -0.01163
19731231    -0.04588
19740131    -0.03251
19740228     0.00480
19740329     0.03471
19740430    -0.00618
19740531    -0.01711
19740628    -0.00190
19740731    -0.14650
19740830    -0.04701
19740930    -0.20866
19741031     0.31343
19741129     0.03788
19741231    -0.02591
19750131    -0.04331
19750228     0.18110
19750331     0.01467
19750430     0.03465
19750530     0.05582
19750630     0.03142
19750731    -0.11618
19750829    -0.06023
19750930    -0.03025
19751031     0.09908
19751128     0.05509
19751231    -0.11899
19760130     0.04693
19760227    -0.06897
19760331     0.10889
19760430    -0.03188
19760528    -0.02946
19760630     0.03357
19760730    -0.02778
19760831     0.04786
19760930     0.07363
19761029    -0.03828
19761130    -0.14594
19761231     0.06445
19770131    -0.15046
19770228    -0.03024
19770331    -0.01114
19770429    -0.07029
19770531    -0.00488
19770630     0.10123
19770729    -0.04260
19770831     0.10773
19770930    -0.00426
19771031    -0.07692
19771130     0.04954
19771230    -0.01333
19780131    -0.01126
19780228    -0.04100
19780331    -0.06793
19780428     0.14910
19780531     0.05011
19780630    -0.04721
19780731     0.08784
19780831     0.01325
19780929    -0.01235
19781031    -0.06250
19781130     0.06222
19781229     0.13975
19790131     0.00555
19790228    -0.04044
19790330     0.01877
19790430     0.03788
19790531    -0.07701
19790629     0.07570
19790731    -0.01852
19790831     0.05623
19790928    -0.01079
19791031    -0.03818
19791130     0.09452
19791231     0.00622
19800131    -0.05190
19800229    -0.06642
19800331     0.06509
19800430     0.00556
19800530     0.05341
19800630    -0.00245
19800731     0.09187
19800829    -0.01197
19800930     0.05281
19801031    -0.06270
19801128     0.06355
19801231     0.07421
19810130    -0.02360
19810227     0.00906
19810331     0.02126
19810430     0.07533
19810529     0.10440
19810630    -0.07313
19810731    -0.00270
19810831    -0.08238
19810930     0.01042
19811030    -0.05891
19811130     0.07199
19811231    -0.00204
19820129    -0.00147
19820226    -0.07090
19820331    -0.07377
19820430     0.06066
19820528    -0.05229
19820630    -0.05931
19820730     0.03519
19820831     0.09946
19820930     0.02627
19821029     0.03040
19821130     0.03665
19821231     0.02266
19830131     0.01329
19830228    -0.01516
19830331     0.01343
19830429     0.11340
19830531    -0.08254
19830630     0.07994
19830729     0.00942
19830831     0.03547
19830930     0.00130
19831031    -0.00777
19831130     0.02872
19831230    -0.07545
19840131    -0.02213
19840229     0.06506
19840330     0.00797
19840430    -0.02258
19840531    -0.06386
19840629     0.08346
19840731    -0.10135
19840831     0.01805
19840928    -0.01490
19841031     0.04992
19841130     0.02305
19841231     0.06817
19850131     0.02128
19850228     0.04870
19850329     0.05006
19850430    -0.02980
19850531     0.06757
19850628     0.04419
19850731     0.00222
19850830     0.01816
19850930    -0.05148
19851031     0.07621
19851129     0.11588
19851231     0.06077
19860131     0.00456
19860228     0.10100
19860331     0.15685
19860430    -0.00430
19860530     0.11239
19860630     0.08756
19860731     0.01914
19860829     0.08568
19860930    -0.14335
19861031     0.10279
19861128     0.01726
19861231     0.12602
19870130     0.10999
19870227     0.12182
19870331     0.00600
19870430    -0.04608
19870529     0.07373
19870630     0.08003
19870731     0.10997
19870831     0.08415
19870930     0.01223
19871030    -0.12266
19871130    -0.06336
19871231    -0.06294
19880129    -0.04890
19880229     0.10338
19880331    -0.05064
19880429     0.00239
19880531     0.01747
19880630     0.05986
19880729    -0.00667
19880831    -0.01128
19880930     0.05239
19881031    -0.00866
19881130    -0.00664
19881230     0.02212
19890131     0.12987
19890228    -0.02107
19890331     0.02012
19890428     0.05405
19890531     0.02249
19890630    -0.03604
19890731     0.13645
19890831    -0.02862
19890929     0.03237
19891031     0.02805
19891130     0.01284
19891229    -0.01173
19900131    -0.06774
19900228    -0.05363
19900330     0.02303
19900430     0.05396
19900531     0.13584
19900629     0.04834
19900731     0.02738
19900831    -0.07787
19900928    -0.06738
19901031     0.00985
19901130     0.12195
19901231     0.04852
19910131     0.01808
19910228     0.11612
19910328     0.03853
19910430     0.02133
19910531     0.10325
19910628    -0.01842
19910731     0.10872
19910830    -0.00967
19910930     0.02562
19911031     0.05476
19911129     0.06648
19911231     0.14179
19920131    -0.05631
19920228     0.00318
19920331    -0.06224
19920430    -0.01444
19920529     0.04224
19920630    -0.02769
19920731     0.06410
19920831    -0.05783
19920930    -0.08483
19921030    -0.01404
19921130     0.02849
19921231    -0.03324
19930129    -0.06916
19930226    -0.04644
19930331    -0.07468
19930430     0.04594
19930528     0.03378
19930630    -0.06536
19930730    -0.13732
19930831     0.04082
19930930    -0.02651
19931029     0.04472
19931130     0.06615
19931231     0.01182
19940131     0.06182
19940228    -0.11301
19940331    -0.07243
19940429    -0.00420
19940531     0.02954
19940630    -0.01541
19940729    -0.00420
19940831     0.15190
19940930     0.05275
19941031     0.00000
19941130     0.04561
19941230     0.03154
19950131     0.05574
19950228     0.05280
19950331     0.01298
19950428     0.00587
19950531     0.09621
19950630     0.05160
19950731     0.05089
19950831    -0.03390
19950929     0.12962
19951031     0.02679
19951130     0.07609
19951229     0.06610
19960131     0.06857
19960229    -0.05526
19960329    -0.05525
19960430    -0.02811
19960531     0.06818
19960628     0.00526
19960731    -0.00580
19960830     0.02140
19960930     0.07848
19961031     0.04973
19961129     0.12352
19961231    -0.03584
19970131     0.13815
19970228     0.01655
19970331    -0.08092
19970430     0.07270
19970530    -0.00553
19970630     0.14306
19970731     0.01527
19970829    -0.11613
19970930     0.09340
19971031    -0.10694
19971128     0.06232
19971231     0.12274
19980130     0.10731
19980227     0.08679
19980331     0.00843
19980430    -0.05997
19980529    -0.02905
19980630     0.14701
19980731    -0.07617
19980831    -0.06171
19980930     0.12218
19981030     0.04245
19981130     0.14854
19981231    -0.04567
19990129    -0.00508
19990226     0.11073
19990331    -0.01356
19990430    -0.12168
19990528    -0.03908
19990630     0.09272
19990730    -0.08149
19990831    -0.00647
19990930    -0.03103
19991029     0.22758
19991130    -0.01100
19991231    -0.14246
20000131     0.17302
20000229    -0.21887
20000331     0.01385
20000428     0.11871
20000531     0.07791
20000630     0.02680
20000731    -0.06444
20000831    -0.02054
20000929     0.06530
20001031     0.20823
20001130     0.03058
20001229     0.01378
20010131    -0.12224
20010228    -0.02409
20010330    -0.04938
20010430     0.00092
20010531    -0.03475
20010629    -0.12440
20010731     0.06368
20010831    -0.03722
20010928     0.02304
20011031    -0.04189
20011130     0.06175
20011231    -0.12694
20020131     0.00646
20020228     0.03633
20020328    -0.05544
20020430    -0.05627
20020531     0.05079
20020628    -0.10701
20020731    -0.02054
20020830     0.01855
20020930    -0.08808
20021031     0.18661
20021129     0.09532
20021231    -0.04107
20030131    -0.02155
20030228    -0.04766
20030331     0.04531
20030430     0.06207
20030530    -0.04469
20030630     0.09590
20030731    -0.08704
20030829    -0.03660
20030930     0.01331
20031031    -0.12584
20031128    -0.08249
20031231     0.14704
