  -7.745  -4.869 -14.786 -12.961 -13.392  -6.964
   7.590   3.202   4.572  -2.914  -1.299   1.239
   0.651  -5.641   0.973  -3.315 -11.037  -1.220
   5.439  -0.447  -1.401  -0.564  -5.536  -1.558
  11.648  17.256   0.842  -0.567   0.718   3.274
 -11.472  -0.189   3.706   1.142   0.000   2.286
   0.881   0.567  -8.628   0.000   0.190  -2.099
   2.882   2.239  -2.846   3.626   1.335   2.961
  -7.796 -11.363 -10.738  -5.993  -2.688  -5.985
  -4.417   6.428  -0.512  -1.183   1.430  -0.460
  -0.324   9.283   2.703  -1.197  -0.980   4.682
   9.883   6.209   0.000  -0.919   0.979   4.696
  -3.751  15.462  -4.988   7.981   9.478   6.248
   7.934  15.374  -7.696   3.352   7.091   3.644
  -2.402   0.000  -0.190   2.469   6.621   3.048
   1.443  -9.555  -5.942  -1.915   2.926   0.583
  -3.796   2.145   5.557  -0.276   3.609   2.558
   1.507  -2.833  -1.165  -0.844  -3.916  -2.890
   0.733  -2.073   4.428   6.295  11.317   3.024
  -0.440   6.227   6.560   0.000   5.601   2.676
  -3.558  -5.129   6.322   6.235   9.709  -1.893
  -7.294   5.392  -1.342   0.503  -0.595   2.674
  15.227   8.306   6.221  10.911  10.163   4.504
   1.012  -6.762  -3.884   4.256  -1.752   0.067
  -6.980  -3.694  -0.333   0.219  -5.309  -3.701
   7.260   4.469  -0.501  -2.661  -1.898   1.885
   5.874  -0.258   3.619   1.575 -10.603  -0.567
 -11.067 -11.778 -11.353  -5.506   0.823  -6.479
 -13.289  -8.174  -4.279  -2.871  -9.505  -8.832
 -12.185  -1.756  -9.151  -5.284 -10.178  -8.634
  13.809  -3.942  10.935   7.226  12.095   6.401
 -16.538  -4.980   3.152   3.310   3.429   2.310
   3.534  -3.415  -6.211  -0.470  -7.281  -5.142
   5.780  -0.550   5.890   3.249   1.380   0.213
  12.580  10.131   9.832   4.247   9.476  10.448
   0.032  -2.361   3.289   4.396  -1.102   1.179
  10.246   9.748   1.935   7.656  -1.789   5.054
  -6.609   1.962  -7.288  -3.445  -4.071  -2.217
   3.749   0.305   3.213   7.796   9.612   3.239
   7.668   1.209   5.381   5.062   5.659   4.634
   0.139   4.979   6.454   8.243   6.470   1.983
   0.776   0.000  -5.506  -4.182   0.481  -1.819
   5.662  -0.287  -1.114   1.413  -1.791  -0.171
  12.316   9.322   4.229   6.454   6.207   5.134
  -9.397  -3.472  -2.014   0.166  -0.464  -1.197
   7.629  14.870   5.365  14.870  -2.210   2.734
  -2.519   0.234  -1.504  -8.159  -0.481  -0.557
   6.878  -4.552   6.084  -0.318  -3.931   2.152
   3.808   3.136   0.857   1.734   0.998   2.546
   3.668   9.250  -2.593   0.809   8.868   1.703
  -0.638  -7.211   2.508   0.156  -1.154   1.749
  -3.597  -7.267  -5.749   5.316   3.421   0.460
  -6.654   1.248  -1.683   3.803  -4.157   1.726
   6.356   0.990  -0.868   1.291  -0.947   1.496
  10.503  -0.246   4.445   7.411   0.000   1.993
  -2.138  -1.743   0.747   2.120  -0.240  -1.133
   6.697   1.995   6.816   3.459  10.945   3.001
   4.256   3.637  -2.120   0.503   2.348   0.882
   4.348   5.782   5.692  -2.924  -6.142   0.309
   6.437   0.674   1.261   3.113  -1.597   0.370
   4.193   7.952   6.361   3.514   3.167   3.793
  -0.242   3.092   0.502  -1.616  -3.197   0.693
   0.964  -0.201   0.175   1.753   3.421  -0.978
   8.982   3.953   4.664   7.871  10.626   3.309
  -3.588   3.840  -0.843  -4.575  -7.599  -0.436
  -0.228  -7.368  -6.960  -7.065  -7.986  -5.326
   3.612  10.767   4.587   1.942   2.115   1.658
   8.498   8.267   4.147   2.407   0.464   3.040
   0.204   8.923  11.733   5.758   4.343   3.144
  12.816  -8.591   1.062   6.788   9.348   2.886
  -1.629   9.380  -3.879  -6.550  -8.365   0.305
   3.610   4.300   4.218   0.484  -2.722   1.345
   0.177   8.216  -2.793  -0.728  -0.739   1.204
   3.650   1.644  -5.141  -2.364  -1.415  -0.868
   5.704  -2.134   1.049  -5.819  -4.370  -2.113
  -2.623   1.072   4.792  -3.939  -0.797   2.451
  -1.844  -8.716  -9.825  -7.355  -3.871  -5.393
   5.016   8.919   2.513  -2.454  -4.577  -1.037
  -3.619  -7.760 -10.549   0.311   0.768  -1.296
  -7.837 -11.858 -11.648  -9.102  -5.407  -7.834
   4.152  -5.515   0.762   2.707  -2.367  -0.697
   2.584  10.433  11.517  -2.023   2.016   4.145
   7.910   4.747   2.715  -7.607  -6.136   1.736
  -2.889   1.176  -9.465  -0.944  -2.565   0.619
  -0.653   9.744  -0.709  13.140  18.286   8.205
   3.226   2.670  -1.866  -2.562   0.000   1.089
   3.861  13.999  -0.845   5.216  11.626   4.248
   3.911   5.264  11.138  12.613   7.243   4.077
  -9.591  -3.104  -9.821  -8.313  -8.119  -4.015
   6.717   2.615   1.757  -2.410   1.726   2.653
   7.345  -6.154  21.766   9.753   2.607   4.800
  -0.283   6.024   1.150  -0.473  -2.193  -0.626
  -0.742   9.707   3.176   4.965   4.574   3.371
  -5.008   1.891  -5.618  -6.169  -4.376  -2.779
   3.706   0.173  -1.785  -1.527   4.381   0.788
  -1.054   5.604  -7.450   2.469   1.887   3.313
  -7.217  -7.789  -8.844  -4.681  -4.102  -3.702
  -1.282  -5.355  -0.399  -2.458  -1.739  -3.419
   2.107   1.238  -0.578  -0.998  -2.796   0.509
   9.963   7.981  10.435   8.338  18.060   8.998
   1.709   2.690  -7.694  -0.493  -1.754   2.668
  -0.113   2.462  -2.151   0.625  -7.343   1.146
  -2.445  -2.602  -2.198  -2.046  -0.765  -2.227
   3.462   1.131  -0.296   0.760  -0.486   1.788
  -5.219  -4.496   2.088   5.733  10.634   4.349
   3.939  -1.301  10.829   5.565   5.711   0.901
   3.515  12.208   4.753  -4.368  -8.284   5.685
   0.166   9.472  -5.255  -4.177  -3.704  -3.446
   3.279   2.549  -1.205  -0.317  -3.651  -0.673
 -10.775  -0.919  -6.228  -0.508  -1.246  -5.513
   4.908   8.855   6.435   5.330   2.231   3.004
   2.825   4.353   5.791  -0.305   3.089   2.032
   3.288  -1.266  -3.647   2.391  -3.922   0.503
   0.349  -7.032  -3.895  -4.243  -5.657  -6.977
  -1.907   3.684  -4.401  -7.325  -7.753  -6.739
   5.487  12.916  -2.797   1.338   9.135   5.021
  -0.705   4.037   2.244   1.200  -9.135  -2.285
  10.140   9.923  -1.034   2.191   3.922   5.416
   1.887  -1.675  -4.872  -3.390  -4.329  -3.270
   6.074  17.733  -2.496  -2.677  -2.994  -1.988
 -11.226 -13.036  -6.842  -7.703  -8.299  -7.607
   7.623   1.054  -2.625   9.283  12.890   5.516
  -6.148  -3.107   5.384   6.959   7.664  -0.474
  -7.902  -7.735  -3.449  -6.960  -5.967 -11.129
 -11.513  -8.963  -7.087  -5.404  -0.886  -6.651
   4.224   6.938   2.639  -4.331   4.070  -5.242
  -7.289   5.731  13.005   9.036   3.857   7.155
  -1.243  -1.366   2.092   9.263   9.024   4.883
  10.661   8.142   7.985  -2.228   4.951   4.644
  -1.136   7.309   1.908  -2.456  -2.742  -1.838
   1.137   3.599   2.725   9.612   4.182   4.922
  11.766  -3.024   6.728   4.933   8.097   5.895
  -3.862  12.361   5.568   1.999   1.061   5.072
   1.045   9.079   8.565  -1.410   2.632   1.677
   4.494   9.143   4.100   2.313   4.238   4.381
   3.556   8.970   9.267   8.051   9.644   3.279
   0.241   2.455  -2.472  -5.970  -7.089  -3.709
  -1.526  10.681   1.921  -4.631   2.020   0.312
   0.855  -2.366 -12.943  -3.048   1.823  -4.111
   4.170  -2.859  14.979   8.848   9.639   4.163
   5.162  -0.964  -0.242  -0.301   0.180  -0.503
   2.312  -0.416  -5.430  -6.072  -1.413  -4.153
   2.578   4.720   2.542   1.244  -3.371  -0.126
   5.508   4.410   5.256   3.155   6.811   8.733
   4.726   0.127  -1.003   0.619   6.075   2.799
   2.656   4.483  -2.243  -1.273  -6.454   3.087
   4.342   7.029   6.929   6.276   6.454   0.868
   4.488   5.288   4.537  -4.708  -2.324   0.548
   0.686   2.626   1.650  -4.322  -7.049   1.624
   6.486   2.684  -3.931  -1.327  -4.403  -2.112
   8.326  -0.818  -4.273  -0.502   2.206  -0.426
  -3.308   1.509   5.407   6.622   4.167   3.533
   0.640   0.807   0.337  -0.159  -1.119  -0.770
   4.179   3.841  -3.839  -5.054   0.449   0.863
  -0.734  -4.365   6.588  10.198  12.904   4.857
   5.217   5.311   7.107   0.000   5.485   1.118
   5.326  -3.113  -4.025  -4.895  -6.050  -2.804
  -1.609  -4.321  -4.045  -3.826 -11.778  -4.551
   3.630   0.310  -3.616  -1.716  -4.058  -0.797
  -8.026  -2.398  -8.490  -1.218  -2.072  -5.312
   1.127  -2.133   0.421  -4.550  -6.958  -2.481
   1.026  -1.741  -3.028  -0.749  -4.693  -0.873
   3.418   3.664   8.955   1.678   4.693   5.553
 -12.992   0.843  -5.951  -3.614  -1.794  -3.010
   0.612  -0.421   6.981   3.997   8.039   5.258
   4.915   1.984   3.701  -7.153 -11.867  -0.030
  -1.170  -3.365  -2.871 -19.938 -21.483 -12.882
  -4.697  -3.486  -0.198  -5.535  -4.230   1.138
  -3.305  -6.056  -5.087  11.507  13.384   0.502
   0.479  -3.793  -4.877  -0.776   2.977   0.265
   3.412   6.638  -4.284  -1.496   4.688  -2.314
  -0.620   0.000  -6.178  -3.321   2.114  -4.749
  -1.726   5.489  -5.543   5.508   4.698  -4.289
  -0.190  -1.534   2.861  -2.789  -5.460  -2.322
 -15.841 -14.208 -13.571 -16.752  -9.521  -7.353
  -4.815 -13.230 -12.691  -0.366  -9.588  -9.183
 -23.403 -12.877 -17.956 -11.895  -7.508 -11.621
  27.264  14.178  20.212  -5.778 -10.951  15.323
   3.718  -3.271  -2.985  -7.006  -4.358  -4.182
  -2.625  -3.791  -9.457   0.817   7.786  -2.738
  -4.428  -3.941  14.609  22.477  11.786  13.228
  16.645  19.245  14.215   2.817 -10.763   5.696
   1.456  -3.518   4.161   5.306  11.778   2.971
   3.406  -0.275   0.000   4.458  -1.424   4.537
   5.432   5.194  -1.368   3.653   2.740   5.368
   3.094   2.337  15.581  10.251  10.570   5.029
 -12.350  -8.994 -10.774   5.245  -3.778  -6.234
  -6.212  -3.052  -2.139  -3.013   1.274  -2.389
  -3.072  -8.635  -4.082   1.512  -8.586  -3.870
   9.447  12.479   8.961  10.211  11.947   5.452
   5.363   5.383   0.260   3.722   6.026   3.068
 -12.669  -4.893  -3.640   1.310   2.882  -1.107
   4.586   6.862  19.399   9.905  13.233  11.864
  -7.146 -11.655  -4.801   4.382   2.978   0.714
  10.336   5.144  -0.894   6.252  10.877   2.645
  -3.240  -2.826   2.353   1.240   5.087  -1.053
  -2.990  -0.719  -5.497  -1.812  -7.882  -0.940
   3.302  -2.789  12.285  -0.182   6.397   4.348
  -2.817   2.499  -4.704  -0.366  -2.072  -0.613
   4.675   3.564  -2.791   0.694  -2.011  -0.138
   7.105   1.671   2.929   7.791   6.974   2.420
  -3.903  -5.392  -1.396   0.679  -3.122  -2.061
 -15.775  -9.152  -5.289   0.675  -3.816   0.556
   6.246   0.000  10.224   9.515  11.855   5.978
 -16.306 -14.088  -5.070  -5.062  -0.326  -3.702
  -3.071  -1.337  -4.596  -4.138  -4.436  -1.589
  -1.120   0.749  -1.849  -5.820  -6.698  -0.929
  -7.288  -5.958   9.230   2.405   4.294   0.495
  -0.489   3.464   0.694   0.146  -2.048  -1.085
   9.643   8.300   5.032   4.045   7.473   5.008
  -4.353  -2.691  -3.834  -1.818  -3.418  -1.289
  10.231   5.449  -1.856   0.695  -1.986  -1.345
  -0.427   1.715  -2.995   4.156   5.843   0.157
  -8.004  -0.170  -2.219  -4.897  -5.729  -4.007
   4.835   1.320   1.091   0.000   0.871   4.443
  -1.342   3.649  -0.500  -1.774   5.619   0.818
  -1.132  -9.564  -8.633  -7.641  -6.958  -5.678
  -4.186  -3.390  -2.210   1.913   0.595  -0.932
  -7.035   1.482   5.277   5.215   7.707   3.343
  13.898  11.778  11.390   6.301  13.402   7.960
   4.889   1.041   1.189  -4.688  -3.230   2.295
  -4.836   5.689  -3.316  -2.700  -5.983  -1.081
   8.419   4.211   6.004   4.929  -1.024   5.519
   1.316   0.059   1.159   1.393  -2.801   4.148
  -1.243  -1.640  -1.345   1.396   3.352  -0.691
  -6.454 -12.306 -10.720  -7.609 -10.658 -11.765
   6.036   5.685   0.577  -1.290   2.773   3.323
  13.081  -4.798   0.000  -2.753   2.403   1.756
   0.553   2.840   2.359   4.768  -0.834   4.830
  -4.128  -9.861  -3.372  -3.153   0.610  -2.713
   1.860   0.547   4.256   5.884   6.473   6.355
   3.718   1.446   2.317   2.603   3.911   0.848
  -8.014   0.715   1.415   1.741  -4.879  -1.369
   7.297   3.006   1.765   2.775   0.294   4.579
  -1.869   1.040   3.440  -2.558   0.876   1.488
   5.471   6.830   2.858   5.300   2.644   6.273
  -1.085  -3.968  -3.438   4.291   1.439   0.141
  -3.893  -8.440  -4.793 -12.330 -14.421  -7.542
   9.032   9.947  -3.256  -5.822 -18.572   6.166
   0.620   5.846   9.309  -1.243   4.392   2.781
  -5.330  -5.014   8.289   9.303   8.245   6.352
  -6.873  -8.656  -7.649  -5.815 -10.126   0.103
   6.306   3.402  -4.321  -9.309  -4.613 -12.806
   0.554   6.641  -1.308  -1.364 -13.784   5.097
   5.203   6.010   5.628  -0.331   0.512   5.833
  -0.245  -1.893   3.961   3.836   0.509   3.702
   8.789   3.135   8.822  11.897  15.661   6.714
  -1.204  -1.304  -3.160   3.241  -3.118   2.324
   5.146   2.026  -2.086  -1.412   0.000   2.905
  -6.475   4.526   2.810  -7.120  -5.870   1.984
   6.161   7.472  13.382  -8.826 -14.049   9.978
   7.159   9.456   0.202   1.398 -11.222  -3.498
  -2.388  -4.093   0.000   2.198   0.250  -4.094
   0.902   7.855   8.599   9.778  -0.635   1.541
   2.104   0.725   1.487   5.341  20.125   4.515
   7.263   2.733  -2.073   2.106 -10.189  -1.130
   9.930   7.917   0.190   4.037   7.327   1.344
  -7.594  -8.880  -4.790  -4.834   3.733  -1.023
  -0.270  -4.008  -1.424  -3.114  -8.521  -0.305
  -8.597 -11.091  -8.776  -8.953  -9.070  -5.790
   1.037   9.948  -0.359  -3.847   0.000  -6.587
  -6.072   9.737  -1.146 -20.098 -17.677   5.844
   6.952   4.292  10.697   2.969   2.282   4.482
  -0.204  -1.670  -3.712   3.974   0.749  -2.848
  -0.147   2.000   8.555  -1.308   8.576  -2.656
  -7.354  -1.744   0.598  -1.059   4.684  -5.247
  -7.663   0.000   2.047  10.266   8.155  -1.013
   5.889   7.796   1.176   1.812   8.651   4.236
  -5.371  -1.258  -3.572   4.049   0.550  -2.861
  -6.114   0.635   4.116   4.001   5.349  -2.420
   3.458   0.316   3.285  -4.293  -5.900  -2.075
   9.482  13.275  13.496  13.594  19.513  11.245
   2.593  -4.256   0.464  -3.685  -7.062   1.662
   2.995   1.724  13.874  19.652  21.825  11.211
   3.599   6.347   8.347   6.358   3.468   5.062
   2.241   6.504   2.536   4.090  16.384   1.435
   1.320  -2.551   8.701   1.393   1.911   4.070
  -1.528  -1.562   4.718  -1.835  -3.858   3.004
   1.334   0.000  -2.472  -3.516   5.424   3.412
  10.742   5.643   6.343  14.296  24.404   7.164
  -8.615  -7.992  -7.902  -3.377  -8.901   1.299
   7.691   6.827   7.072  10.307  18.409   3.730
   0.938 -11.272  -9.781   1.196   6.716  -3.223
   3.486  -6.091   2.475  -3.842  -5.338   0.356
   0.130   9.282   4.026   4.692   8.004   1.618
  -0.780  -2.809  -1.914   5.129   7.899  -2.813
   2.832  -2.832  10.754  -4.960  -7.223   2.893
  -7.845  -3.604   2.592   2.209   2.893  -1.048
  -2.238  -6.311  -7.525  -2.553  -2.873  -1.299
   6.303  -5.973  -4.466  -3.331  -9.287  -3.996
   0.794  -2.469   6.288  -6.152  -1.692   1.336
  -2.284   6.566   1.133   2.844   1.086   0.273
  -6.599 -18.944  -4.373  -5.179   1.019  -5.377
   8.016  -2.062  -0.235   4.898  -2.393   2.332
 -10.686  -2.532   0.000   5.578   9.939  -2.056
   1.789  15.195   7.564   7.823   8.199  10.667
  -1.501  -3.774  -0.664   4.814   6.491   0.039
   4.871   0.000   3.091   3.816   3.279   0.013
   2.279   9.671  -2.777  -3.125  -2.703  -1.068
   6.595   1.746   2.232   4.903   1.102   2.351
   2.106   7.657  12.048   5.884   7.645   8.225
   4.755   1.716   0.469  -2.899  -8.842   1.686
   4.885   6.454  -7.336  -8.530  -5.174  -0.193
  -3.025   4.367   0.000  -7.648  -2.147  -0.218
   6.539   7.569   3.408   7.476   6.224   5.437
   4.324  -1.339   2.041   0.523   3.668   1.704
   0.222  -0.540   3.571  -1.751   0.222  -0.054
   1.800   2.039  -4.996  -3.050  -1.411  -0.481
  -5.285  -5.214  -4.957  -0.559   0.566  -4.046
   7.345   5.747   0.217  -0.374   6.454   4.361
  10.964   6.587  13.000   6.699  14.953   6.698
   5.900   5.367  11.101   3.037   7.146   4.216
   0.455   2.115  -2.611   5.023   8.784   0.981
   9.622  -7.082   9.682   6.539  13.602   7.031
  14.570  14.260   1.282  10.375  13.200   5.248
  -0.431  13.815  -0.479  -7.522  -6.856  -0.809
  10.651   4.235   2.059   1.242   6.247   4.956
   8.394   6.030   2.269  -2.701   2.681   1.420
   1.896  -6.396 -10.399 -13.054  -1.969  -6.155
   8.221   8.576   7.423   7.253  11.049   6.428
 -15.473 -14.349  -8.172  -6.084 -11.988  -8.245
   9.784   8.603   5.909   4.862   9.058   4.826
   1.711  -1.298   8.482   4.131   1.942   1.506
  11.869  -4.288   4.280  -9.909  -3.922  -2.690
  10.435  14.183  15.332  13.116  28.802  12.077
  11.495  13.551   3.069   0.828   2.653   4.653
   0.598   2.576   2.039   4.583   9.962   2.297
  -4.718  -1.566  -1.320  14.150   8.380  -1.728
   7.114  -0.812   0.482  -3.967  -0.137   0.521
   7.699   6.608   5.071  -3.127   8.564   4.290
  10.433   3.607   8.587   7.292   3.352   4.311
   8.080   5.036   5.340   4.806   6.084   3.655
   1.216  -4.354  -1.078 -10.295  -9.716  -2.096
 -13.086 -17.710 -26.094 -34.981 -24.768 -25.472
  -6.546  -8.583 -11.154  -1.507  -5.970  -7.569
  -6.501   2.536   4.837   8.498   5.803   6.804
  -5.014   4.568   2.241   6.885  13.187   4.434
   9.838   6.538   0.828  11.143   5.993   5.032
  -5.197  -4.767 -11.088  -1.218  -5.115  -1.721
   0.239  -4.675   0.000   4.954  10.978   1.094
   1.732   3.247   3.946   1.816   1.835   0.094
   5.814   2.068   5.162   6.444  10.119   5.011
  -0.669   0.784  -2.597   0.000   0.655  -0.721
  -1.134   1.858  -5.716  -7.783  -7.338  -2.834
   5.106   5.845   7.971   2.874   3.736   3.660
  -0.870   1.301   0.574  10.586   1.889   1.750
  -0.666  -0.577   3.103   2.517   0.966  -1.654
   2.188  -1.022   0.355  -0.894  -2.927   2.059
  12.210   7.358   7.790   9.012   9.215   6.386
  -2.130  -5.612  -5.579  -5.050  -5.649  -1.650
   1.992   5.231  -1.853  -2.821  -5.474   2.132
   5.264   5.754   9.377   0.000  -0.770   4.739
   2.224   3.280  11.123  -0.908   2.072   3.888
  -3.671  -3.085  -4.857   3.349  -0.514  -0.499
  12.791  10.875  12.502   7.218   4.288   7.485
  -2.904  -1.339  -1.507  10.313   7.715   2.204
   3.186   4.435  -1.249  -4.968  -5.729  -0.175
   2.766   1.136  -2.011  -4.946  -5.557  -2.982
   1.276   2.523  11.301   0.561  -5.980   1.769
  -1.180   4.963   4.679  -3.774  -2.266   1.811
  -7.014 -12.544  -3.550  -1.490   0.571  -7.262
  -5.512   2.898  -0.048   9.176   6.454   1.487
   2.277   4.557   3.969   2.204   2.681   2.386
   5.255   0.887  -0.390  -3.606  -5.157  -2.856
  12.737  12.579   8.022  10.959   4.433   8.514
   4.721   5.890   0.543  -2.078  -5.286  -0.431
   2.701   4.156   3.372  -2.122  -3.489  -0.942
  -8.107  -6.826 -14.431 -14.084 -17.392  -9.621
  -6.976  -3.686 -12.035  -9.217 -12.183  -5.538
   0.980   1.763  -4.696   1.370  -8.004  -1.250
  11.507   8.506   5.153   1.352  -1.360   6.389
   4.738   2.827   5.568  -5.998  -2.778   2.911
   1.792   6.410  10.928   5.311   7.679   4.788
  10.986   7.508   6.810   9.594  15.288   7.296
   3.781  15.480   2.362  -4.531  -0.769   2.837
   2.111  -1.444   1.603  -5.444   1.609   0.334
   9.826  -3.746   9.447  19.678  12.630   3.979
  -1.859  -8.188  -4.298  -5.664  -2.402  -4.525
  10.321   9.286  -1.019  -2.485  -6.010   4.577
  -0.972   1.785   2.194  -3.455  -7.354   2.655
   2.530  -4.966  -6.896  -1.659  -3.681  -1.112
   5.331   7.360  -0.542  -6.209  -8.610   1.756
   6.436   1.720  -6.357 -12.010 -12.240  -3.798
  13.260  17.233  17.392  -6.292  15.861  10.169
  -5.796  -6.309  -1.647  11.441   9.410  -0.165
   0.317  -5.596   4.387  15.757  18.641   1.320
  -6.426  -3.774  -3.002  -2.361   4.327  -2.396
  -1.455  -2.729   1.148  12.497  17.633   1.375
   4.137   2.560  -0.327  -3.995  -2.229   0.650
  -2.808  -7.918   2.489  10.749   3.324  -1.943
   6.213   9.582  -1.621  -5.549   0.597   3.915
  -5.957   0.718  -3.323 -17.264 -11.574  -2.098
  -8.865  -4.664   6.336  -7.494  -3.115   1.234
  -1.414   5.922  -1.936  -4.374  -6.809   1.084
   2.809   1.203   8.129   5.381  14.035   3.940
  -3.381   0.248   3.401   0.000   2.062   1.739
  -7.167 -13.778   0.728  15.747   8.170   1.225
  -4.755  -2.928  -2.349  -0.798  -0.543   0.544
  -7.762   0.294   6.478   1.002  12.532   2.470
   4.492   2.319   1.669   8.285   5.882  -2.584
   3.322   2.847   2.318  -1.355  -5.154   2.900
  -6.759  -7.260   3.839  10.349   0.480   0.512
 -14.771 -12.838   2.832   8.608   1.707  -0.076
   4.001  11.650  -0.254  -2.982  -3.374   3.859
  -2.687  -3.432  -1.792 -11.578   8.004   0.061
   4.375   6.751   1.166  13.166  11.969   1.788
   6.405   4.093   1.408  10.599  -1.835  -1.750
   1.175   2.825   7.082   3.949   5.990   1.926
   5.998  -5.732   2.704  10.990   4.398   3.085
 -11.992  -4.810  -2.229  -4.679  -7.554  -2.438
  -7.519  -6.101  -4.519  -7.808  -5.586  -4.682
  -0.421   9.169  -4.867   5.199   0.128   0.978
   2.911   7.372   4.365  -5.060  -1.077   0.946
  -1.553  -3.156  -5.718  -6.734   2.142  -2.776
  -0.421   9.186   7.736   2.214   8.447   2.996
  14.141   7.014  -1.249  -1.816  -8.594   4.194
   5.141   3.191  -2.576  -6.952  -5.264  -1.883
   0.000   5.407   1.546 -17.118   6.993   1.476
   4.460  -1.773  -6.062  -3.020  -8.394  -3.777
   3.105   2.543  11.119   9.977   2.727   1.267
   5.424   5.981   0.975  -8.029  -8.866   2.034
   5.145  -1.885   6.120   9.677   3.406   3.886
   1.290   4.732  -0.623   3.175   2.831   2.661
   0.585   8.841   3.637   2.525   2.063   2.458
   9.186   2.213   3.509   6.800   7.542   3.359
   5.031   2.058  -2.117  -2.372   1.695   3.037
   4.964   6.106   4.551   3.922  -1.490   3.986
  -3.449  -3.431  -0.212  -2.756   5.859   0.930
  12.188   7.165   8.597  -0.532   1.213   3.574
   2.644   9.485  -0.787  -6.900  -6.727  -1.121
   7.333   6.479   5.946  10.924  -1.754   4.207
   6.401  -1.308   7.648   8.637   2.188   1.528
   6.632  11.583   6.389  -0.474   3.321   2.770
  -5.685  -2.286  -1.642  -1.870   5.763   1.592
  -5.683  -1.346   3.686   3.828   9.531   1.114
  -2.851   0.271  -0.806   1.861   5.242   2.482
   6.596   5.525   6.878   2.323   1.727   2.637
   0.525   1.655   4.721  -5.118 -11.992  -0.769
  -0.582  -3.599  -4.769  -7.172   1.182  -5.487
   2.117   3.478   1.058   2.581   3.416   3.171
   7.555   3.981   9.556  -3.330  -6.952   5.163
   4.853  -3.980   6.127  11.082   1.224   1.384
  11.647   8.165   7.226   7.886   4.688   6.366
  -3.650  -6.799  -4.529  -3.308  -1.539  -1.141
  12.940  14.911   4.572   5.666   0.803   5.168
   1.641  -0.104  -0.606  -1.065   2.308  -0.088
  -8.438  -8.385  -3.064  -4.416  -4.670  -4.541
   7.018  14.499  11.189   4.416  11.419   4.158
  -0.555  -1.492   8.419   0.000   7.616   6.883
  13.371   7.038   7.381  -2.873   1.324   4.325
   1.515  -3.558   7.960  10.424   8.315   7.354
 -12.345  -8.772 -11.411   2.198   5.068  -3.713
   8.929   1.749   8.807   6.460   4.824   5.640
 -11.310  -0.543  -5.183  -4.195  -2.281  -3.472
   6.046   9.602  13.377  -4.378  -1.587   3.064
  11.577   4.561  -0.271   5.642  12.165   1.787
  10.193   1.600   5.470  -4.741   5.717   0.441
   8.323  12.163   0.322  18.106  10.352   7.030
   0.839  -2.604  10.650  -1.738  13.616   5.008
  -6.184  -2.673  -1.167  -0.556   8.267   1.086
  -2.948  -3.107  -2.151   7.159  12.428  -2.579
  13.716   6.905   8.614  -7.303  12.870   3.247
  -7.923   4.298  -1.260   7.911  -2.715  -2.348
  -6.370 -10.932 -11.151 -20.983 -24.476 -17.049
  11.527  12.580  -0.172  -5.753   5.185   6.211
   4.157   4.069   9.509  14.105  15.190   7.163
  13.849   0.000   3.233  10.773   1.487   5.982
  -4.675   3.180  12.443   2.386   6.375   6.132
  -0.509   1.479   2.780  22.646   5.326   3.755
  10.502   0.585  -4.447  -7.743  -3.520  -3.874
  -1.365   9.091  10.101   5.292  -4.527   3.683
 -12.974   4.189  -4.862   2.343  12.752   4.730
  -3.986  -4.828  -3.562  -8.751 -11.266  -2.065
   8.867   5.641  10.549  -4.445  -1.211   4.966
  -8.500  -7.342  -3.283  -7.673 -14.213  -3.132
  -0.649  11.861   2.994   8.803   7.208  -0.966
  -3.152 -10.700   5.710  -5.129  -3.663  -2.343
  20.504  13.115  13.353  11.259   9.712   5.938
  -1.106  -0.689  -4.048   2.886  -8.309   3.240
 -15.369 -10.669  17.596   0.950   5.419   7.821
