19860430     0.17273
19860530     0.07752
19860630    -0.11511
19860731    -0.07317
19860829     0.00000
19860930    -0.00877
19861031     0.37168
19861128     0.28387
19861231    -0.03015
19870130     0.51554
19870227     0.04957
19870331     0.26059
19870430     0.07494
19870529     0.10817
19870630    -0.11497
19870731    -0.07843
19870831     0.26330
19870930     0.11579
19871030    -0.24906
19871130    -0.10050
19871231     0.21229
19880129     0.02765
19880229     0.06502
19880331    -0.04842
19880429    -0.03540
19880531     0.06422
19880630     0.15517
19880729    -0.11194
19880831    -0.15966
19880930     0.04500
19881031    -0.06220
19881130    -0.03571
19881230     0.12698
19890131     0.11972
19890228    -0.00210
19890331    -0.16176
19890428     0.12030
19890531     0.08277
19890630    -0.12397
19890731     0.03302
19890831     0.07306
19890929     0.16596
19891031     0.19343
19891130     0.06422
19891229     0.00000
19900131     0.06322
19900228     0.06757
19900330     0.12152
19900430     0.04740
19900531     0.25862
19900629     0.04110
19900731    -0.12500
19900831    -0.07519
19900928     0.02439
19901031     0.01190
19901130     0.13333
19901231     0.04152
19910131     0.30399
19910228     0.05732
19910328     0.02289
19910430    -0.06714
19910531     0.10859
19910628    -0.06891
19910731     0.07890
19910830     0.15986
19910930     0.04399
19911031     0.05478
19911129     0.03595
19911231     0.14396
19920131     0.08090
19920228     0.02703
19920331    -0.04049
19920430    -0.06962
19920529     0.09751
19920630    -0.13223
19920731     0.03929
19920831     0.02405
19920930     0.08054
19921030     0.10248
19921130     0.04930
19921231    -0.08322
19930129     0.01318
19930226    -0.03613
19930331     0.10945
19930430    -0.07568
19930528     0.08333
19930630    -0.04993
19930730    -0.15909
19930831     0.01520
19930930     0.09817
19931029    -0.02879
19931130    -0.00156
19931231     0.00781
19940131     0.05581
19940228    -0.03084
19940331     0.02727
19940429     0.09145
19940531     0.16216
19940630    -0.03953
19940729    -0.00242
19940831     0.12864
19940930    -0.03441
19941031     0.12249
19941130    -0.00198
19941230    -0.02783
19950131    -0.02863
19950228     0.06105
19950331     0.12897
19950428     0.14938
19950531     0.03593
19950630     0.06716
19950731     0.00138
19950831     0.02210
19950929    -0.02162
19951031     0.10497
19951130    -0.12875
19951229     0.00717
19960131     0.05413
19960229     0.06689
19960329     0.04497
19960430     0.09818
19960531     0.04857
19960628     0.01158
19960731    -0.01873
19960830     0.03924
19960930     0.07653
19961031     0.04076
19961129     0.14299
19961231     0.05339
19970131     0.23449
19970228    -0.04412
19970331    -0.05962
19970430     0.32515
19970530     0.02058
19970630     0.01915
19970731     0.11968
19970829    -0.06581
19970930     0.00095
19971031    -0.01748
19971128     0.08846
19971231    -0.08657
19980130     0.15426
19980227     0.13615
19980331     0.05605
19980430     0.00698
19980529    -0.05895
19980630     0.27782
19980731     0.01442
19980831    -0.12735
19980930     0.14723
19981030    -0.03805
19981130     0.15230
19981231     0.13678
19990129     0.26183
19990226    -0.14214
19990331     0.19400
19990430    -0.09275
19990528    -0.00769
19990630     0.11774
19990730    -0.04851
19990831     0.07866
19990930    -0.02161
19991029     0.02208
19991130    -0.01637
19991231     0.28231
20000131    -0.16167
20000229    -0.08685
20000331     0.18881
20000428    -0.34353
20000531    -0.10305
20000630     0.27872
20000731    -0.12734
20000831     0.00000
20000929    -0.13608
20001031     0.14197
20001130    -0.16697
20001229    -0.24401
20010131     0.40778
20010228    -0.03378
20010330    -0.07309
20010430     0.23886
20010531     0.02111
20010629     0.05522
20010731    -0.09329
20010831    -0.13809
20010928    -0.10307
20011031     0.13641
20011130     0.10421
20011231     0.03177
20020131    -0.03834
20020228    -0.08429
20020328     0.03377
20020430    -0.13348
20020531    -0.02583
20020628     0.07445
20020731    -0.12285
20020830     0.02293
20020930    -0.10880
20021031     0.22245
20021129     0.07874
20021231    -0.10368
20030131    -0.08201
20030228     0.00211
20030331     0.02152
20030430     0.05576
20030530    -0.03717
20030630     0.04185
20030731     0.03003
20030829     0.00417
20030930     0.04827
20031031    -0.05396
20031128    -0.01645
20031231     0.06457
