19650129     0.10354
19650226     0.00915
19650331     0.00228
19650430     0.08636
19650528    -0.05230
19650630    -0.06208
19650730     0.08747
19650831     0.08478
19650930     0.00000
19651029     0.05433
19651130     0.08473
19651231     0.05319
19660131     0.00168
19660228    -0.02790
19660331    -0.04340
19660429    -0.04174
19660531    -0.07500
19660630     0.06996
19660729     0.02692
19660831    -0.19401
19660930     0.12150
19661031     0.07083
19661130     0.08054
19661230     0.01633
19670131     0.13571
19670228     0.01792
19670331    -0.02016
19670428     0.07595
19670531    -0.02147
19670630    -0.01508
19670731     0.06738
19670831    -0.00660
19670929    -0.05217
19671031    -0.06422
19671130    -0.04183
19671229     0.03608
19680131    -0.12935
19680229    -0.11924
19680329     0.05870
19680430     0.12320
19680531     0.06654
19680628    -0.01893
19680730    -0.01754
19680830    -0.07071
19680930     0.03089
19681031     0.00749
19681129     0.09442
19681231     0.03082
19690131     0.05648
19690228    -0.09623
19690328     0.06294
19690430     0.06908
19690529     0.04123
19690630    -0.04303
19690731    -0.03411
19690829     0.12167
19690930    -0.03161
19691031     0.16617
19691128     0.03461
19691231     0.02351
19700130    -0.01330
19700227     0.09461
19700331    -0.05843
19700430    -0.06921
19700529    -0.05769
19700630    -0.01143
19700731     0.00000
19700831     0.09544
19700930     0.05000
19701030     0.01812
19701130     0.00214
19701231     0.03929
19710129     0.02405
19710226    -0.00336
19710331     0.01077
19710430     0.03010
19710528    -0.02273
19710630     0.02724
19710730    -0.03247
19710831     0.11141
19710930    -0.04242
19711029    -0.06646
19711130     0.01017
19711231     0.12953
19720131    -0.09851
19720229     0.10662
19720330    -0.03904
19720428    -0.02187
19720531     0.04856
19720630     0.03670
19720731     0.01475
19720831    -0.00209
19720929     0.00292
19721031    -0.04373
19721130     0.07220
19721229    -0.02000
19730131    -0.02332
19730228     0.01576
19730330    -0.02655
19730430    -0.04242
19730531     0.06418
19730629     0.11642
19730731     0.05615
19730831    -0.05752
19730928    -0.03235
19731031     0.08635
19731130    -0.11856
19731231     0.00585
19740131    -0.11919
19740228     0.01980
19740329    -0.03120
19740430    -0.08725
19740531     0.04235
19740628     0.03546
19740731    -0.20548
19740830    -0.14862
19740930    -0.06122
19741031     0.39130
19741129     0.01141
19741231     0.02335
19750131    -0.13688
19750228     0.20705
19750331    -0.05285
19750430    -0.00388
19750530     0.07206
19750630    -0.02190
19750731    -0.19030
19750829     0.00000
19750930    -0.07594
19751031     0.16080
19751128    -0.03065
19751231    -0.00450
19760130     0.07692
19760227    -0.09664
19760331     0.11944
19760430    -0.08787
19760528     0.02294
19760630     0.05686
19760730    -0.02137
19760831    -0.00541
19760930     0.07080
19761029    -0.01653
19761130    -0.11025
19761231     0.11905
19770131    -0.08085
19770228     0.02315
19770331     0.02679
19770429    -0.08000
19770531    -0.01971
19770630     0.03483
19770729     0.00481
19770831     0.01435
19770930     0.01849
19771031    -0.07009
19771130     0.11638
19771230    -0.00455
19780131    -0.00913
19780228    -0.03613
19780331     0.06763
19780428     0.08597
19780531     0.09750
19780630     0.02682
19780731     0.06343
19780831    -0.00211
19780929     0.00355
19781031    -0.09187
19781130     0.01712
19781229     0.01931
19790131    -0.04545
19790228    -0.04365
19790330     0.06490
19790430    -0.05512
19790531     0.00267
19790629     0.02941
19790731     0.01633
19790831     0.13912
19790928    -0.01779
19791031     0.00000
19791130     0.16899
19791231    -0.01875
19800131    -0.04459
19800229    -0.01667
19800331     0.03349
19800430     0.02318
19800530     0.07405
19800630     0.00304
19800731     0.03939
19800829    -0.04082
19800930     0.12122
19801031    -0.03279
19801128     0.12678
19801231     0.08081
19810130    -0.05607
19810227    -0.00198
19810331     0.08500
19810430     0.00461
19810529    -0.02936
19810630    -0.08571
19810731    -0.02083
19810831    -0.02606
19810930    -0.04408
19811030     0.04899
19811130     0.14890
19811231     0.02651
19820129     0.05089
19820226     0.00225
19820331    -0.07640
19820430     0.08759
19820528    -0.03427
19820630     0.03271
19820730     0.01738
19820831     0.12556
19820930     0.10757
19821029     0.02518
19821130     0.03453
19821231    -0.05973
19830131     0.00298
19830228     0.02190
19830331     0.08214
19830429     0.08581
19830531    -0.05830
19830630     0.13984
19830729    -0.10893
19830831    -0.01290
19830930     0.03922
19831031    -0.02830
19831130    -0.03456
19831230    -0.03378
19840131    -0.00126
19840229     0.05654
19840330    -0.09030
19840430    -0.01103
19840531    -0.04223
19840629     0.02745
19840731    -0.00519
19840831     0.11240
19840928    -0.02091
19841031     0.08185
19841130     0.03500
19841231     0.08333
19850131    -0.05633
19850228     0.01899
19850329     0.06522
19850430     0.03790
19850531     0.13191
19850628    -0.01000
19850731    -0.01778
19850830    -0.00259
19850930    -0.01558
19851031    -0.03430
19851129     0.17475
19851231    -0.05152
19860131    -0.03635
19860228     0.14470
19860331     0.08578
19860430    -0.01455
19860530     0.06810
19860630     0.13718
19860731    -0.06070
19860829     0.01873
19860930    -0.14706
19861031     0.03017
19861128     0.02778
19861231     0.00000
19870130     0.11803
19870227     0.07565
19870331    -0.00686
19870430    -0.02591
19870529    -0.06986
19870630     0.10557
19870731     0.03229
19870831    -0.04230
19870930    -0.02120
19871030    -0.24007
19871130    -0.11496
19871231     0.01084
19880129     0.17158
19880229     0.00458
19880331     0.01379
19880429    -0.00227
19880531    -0.04318
19880630    -0.00959
19880729     0.00484
19880831    -0.01217
19880930     0.07143
19881031     0.05057
19881130     0.00219
19881230     0.02203
19890131     0.00302
19890228    -0.04338
19890331     0.04308
19890428     0.07609
19890531    -0.00525
19890630    -0.05943
19890731     0.14248
19890831     0.06538
19890929    -0.00903
19891031    -0.01457
19891130     0.10425
19891229    -0.06239
19900131    -0.01439
19900228    -0.12993
19900330     0.02754
19900430    -0.06392
19900531     0.17137
19900629    -0.02657
19900731     0.18129
19900831    -0.05479
19900928    -0.00528
19901031     0.03009
19901130     0.11821
19901231     0.00000
19910131     0.11300
19910228     0.17563
19910328     0.01905
19910430     0.01869
19910531     0.08633
19910628    -0.05732
19910731     0.11486
19910830     0.06392
19910930    -0.00573
19911031     0.09981
19911129    -0.06869
19911231     0.26554
19920131    -0.13095
19920228     0.02562
19920331    -0.06711
19920430     0.02878
19920529     0.04888
19920630    -0.02178
19920731     0.07363
19920831    -0.00963
19920930    -0.03236
19921030     0.01171
19921130     0.03795
19921231    -0.07200
19930129    -0.08966
19930226    -0.10917
19930331     0.06638
19930430     0.09639
19930528     0.05744
19930630    -0.06620
19930730    -0.11194
19930831     0.06588
19930930    -0.05556
19931029     0.04622
19931130     0.07502
19931231     0.03759
19940131    -0.06341
19940228    -0.09524
19940331    -0.06897
19940429     0.09259
19940531     0.08847
19940630    -0.00980
19940729    -0.01782
19940831     0.10839
19940930     0.01282
19941031     0.07233
19941130     0.05019
19941230    -0.00162
19950131     0.05825
19950228     0.02165
19950331     0.03313
19950428     0.01020
19950531     0.02332
19950630     0.04539
19950731     0.09905
19950831    -0.01956
19950929     0.08101
19951031     0.07494
19951130     0.01542
19951229     0.08621
19960131     0.08730
19960229    -0.03394
19960329     0.02087
19960430     0.02416
19960531     0.03158
19960628     0.00883
19960731    -0.01681
19960830     0.01610
19960930     0.11444
19961031     0.04581
19961129     0.08671
19961231    -0.07392
19970131     0.11446
19970228    -0.00578
19970331    -0.08186
19970430     0.14116
19970530     0.07646
19970630     0.16019
19970731     0.00075
19970829    -0.07023
19970930     0.08455
19971031     0.18087
19971128     0.02704
19971231     0.02491
19980130     0.09640
19980227     0.08489
19980331     0.12641
19980430     0.14169
19980529    -0.07741
19980630     0.03697
19980731     0.01035
19980831    -0.15251
19980930     0.13863
19981030     0.01478
19981130     0.04487
19981231     0.11669
19990129     0.02900
19990226     0.02746
19990331     0.05163
19990430    -0.17072
19990528    -0.06816
19990630     0.01869
19990730    -0.06766
19990831     0.11675
19990930    -0.04967
19991029     0.10627
19991130    -0.08460
19991231    -0.10517
20000131     0.11561
20000229    -0.10978
20000331     0.13813
20000428     0.15214
20000531     0.06000
20000630     0.07714
20000731    -0.10156
20000831     0.00499
20000929     0.03902
20001031    -0.03894
20001130     0.02813
20001229     0.03808
20010131    -0.01848
20010228    -0.00089
20010330    -0.09000
20010430     0.05739
20010531    -0.00693
20010629    -0.06622
20010731     0.02921
20010831    -0.06793
20010928     0.04672
20011031     0.04489
20011130     0.03628
20011231    -0.07989
20020131     0.04567
20020228    -0.01392
20020328    -0.02979
20020430    -0.08530
20020531    -0.04457
20020628     0.01156
20020731    -0.07571
20020830     0.02658
20020930    -0.12273
20021031     0.09476
20021129    -0.00346
20021231    -0.03045
20030131    -0.00196
20030228    -0.01779
20030331     0.04494
20030430    -0.01316
20030530     0.01366
20030630     0.10090
20030731    -0.02313
20030829    -0.09862
20030930     0.01537
20031031     0.04016
20031128     0.06709
20031231     0.05243
