  19620131  -0.03862  -0.06603  -0.08088
  19620228   0.01614  -0.00787  -0.02597
  19620330  -0.00588  -0.00794   0.01493
  19620430  -0.06397  -0.15996  -0.23245
  19620531  -0.08991  -0.14365  -0.09812
  19620628  -0.08538  -0.14580  -0.31203
  19620731   0.06162   0.13169   0.16814
  19620831   0.01516   0.02551   0.06899
  19620928  -0.04941  -0.11417  -0.07496
  19621031   0.00443  -0.02145  -0.03040
  19621130   0.09673   0.14315   0.21072
  19621231   0.01340  -0.02156  -0.03563
  19630131   0.04796   0.08300   0.01031
  19630228  -0.02927  -0.05581  -0.16101
  19630328   0.03485   0.05180  -0.05575
  19630430   0.04738   0.09671   0.14776
  19630531   0.01423   0.03079  -0.02223
  19630628  -0.02041  -0.08983  -0.01130
  19630731  -0.00347  -0.00402  -0.01720
  19630830   0.04760   0.02556  -0.05342
  19630930  -0.01109   0.01617   0.05919
  19631031   0.03171   0.08885  -0.08388
  19631128  -0.01060  -0.01530  -0.01258
  19631231   0.02415   0.04384  -0.03216
  19640131   0.02657   0.06675  -0.06759
  19640228   0.00982   0.05081  -0.00701
  19640331   0.01506   0.04342  -0.00706
  19640430   0.00606  -0.04123   0.09466
  19640528   0.01138   0.05346  -0.03279
  19640630   0.01629  -0.00627   0.04561
  19640731   0.01808  -0.03196  -0.07951
  19640831  -0.01636  -0.04482   0.04715
  19640930   0.02832  -0.00912   0.01955
  19641030   0.00805  -0.03853   0.09237
  19641130  -0.00520  -0.01499  -0.04205
  19641231   0.00390  -0.00730   0.10475
  19650128   0.03262   0.09097   0.09982
  19650226  -0.00148   0.01932   0.05354
  19650331  -0.01464  -0.00330  -0.07989
  19650430   0.03367   0.06550   0.05515
  19650528  -0.00777  -0.01140   0.10634
  19650630  -0.04985  -0.04274  -0.01770
  19650730   0.01334   0.04483   0.08141
  19650831   0.02227   0.04391   0.08289
  19650930   0.03151   0.02669   0.10354
  19651028   0.02698   0.03922  -0.06362
  19651130  -0.00880  -0.01228   0.05675
  19651231   0.00891  -0.05079   0.06991
  19660131   0.00486  -0.00603  -0.04606
  19660228  -0.01803   0.04050   0.12338
  19660331  -0.02206   0.00194   0.10125
  19660428   0.02030   0.07736   0.07527
  19660531  -0.05566  -0.02125  -0.08610
  19660630  -0.01627  -0.03013  -0.03043
  19660728  -0.01354  -0.02821   0.09888
  19660831  -0.08094  -0.05784  -0.06572
  19660930  -0.00702  -0.00940  -0.06511
  19661031   0.04644   0.04466  -0.00583
  19661130   0.00312   0.12737   0.12361
  19661230  -0.00149  -0.01204   0.05773
  19670131   0.07527   0.07266   0.07515
  19670228   0.00196   0.07613   0.08247
  19670331   0.03865   0.04768   0.06999
  19670428   0.04137   0.09612   0.14634
  19670531  -0.05387  -0.03587  -0.03593
  19670630   0.01736   0.06487   0.05754
  19670731   0.04434   0.02039   0.09411
  19670831  -0.01179  -0.01368  -0.07135
  19670928   0.03226   0.09262   0.04064
  19671031  -0.02949   0.07931   0.01989
  19671130   0.00106   0.03249  -0.01219
  19671228   0.02594   0.02421  -0.12741
  19680131  -0.04484  -0.05322  -0.15822
  19680228  -0.03172  -0.02245  -0.02899
  19680328   0.00936   0.05452   0.21437
  19680430   0.07875   0.10086   0.07678
  19680531   0.01111   0.05429   0.04309
  19680628   0.00908  -0.00914  -0.02748
  19680730  -0.01865  -0.04333  -0.08560
  19680830   0.01139  -0.00919   0.02827
  19680930   0.03782   0.00000   0.01109
  19681031   0.00718  -0.08517   0.07954
  19681128   0.04685   0.08354   0.07089
  19681231  -0.04251  -0.05782  -0.06491
  19690131  -0.00821  -0.06136  -0.02567
  19690228  -0.04853  -0.00702  -0.04696
  19690328   0.03386   0.06794   0.12034
  19690430   0.02125   0.04362  -0.02886
  19690528  -0.00222  -0.02532   0.06792
  19690630  -0.05718   0.05712  -0.11131
  19690731  -0.06207  -0.04002   0.05792
  19690828   0.03929   0.06416   0.05201
  19690930  -0.02534   0.00072   0.04788
  19691031   0.04329   0.04322   0.12170
  19691128  -0.03591  -0.00695  -0.07821
  19691231  -0.01883   0.02079   0.03081
  19700130  -0.07955  -0.08365  -0.02706
  19700228   0.05135   0.01832  -0.00500
  19700331   0.00145  -0.00515  -0.11741
  19700430  -0.09484  -0.12744  -0.07629
  19700528  -0.06291  -0.06517  -0.35059
  19700630  -0.05132  -0.10616  -0.20598
  19700731   0.07073   0.01371  -0.04348
  19700831   0.04350   0.05401   0.15890
  19700930   0.03247   0.09146   0.02712
  19701030  -0.01147   0.01176  -0.01869
  19701130   0.04636   0.04408  -0.03847
  19701231   0.05522   0.03360   0.16252
  19710128   0.03968   0.02410   0.12148
  19710226   0.00903   0.03709   0.05387
  19710331   0.03614   0.06054   0.09595
  19710430   0.03565   0.00070   0.00635
  19710528  -0.04245  -0.08591  -0.00954
  19710630   0.00070  -0.03106   0.01584
  19710730  -0.04220  -0.08472  -0.03196
  19710831   0.03546   0.04711   0.00647
  19710930  -0.00699  -0.00082   0.14340
  19711028  -0.04269  -0.01076  -0.10629
  19711130  -0.00255   0.02075   0.04269
  19711231   0.08267   0.09665   0.13390
  19720131   0.01796   0.08948   0.04842
  19720228   0.02499   0.00502   0.08119
  19720330   0.00589   0.03663   0.02670
  19720428   0.00437   0.00976   0.01554
  19720531   0.01713   0.03338   0.18452
  19720630  -0.02206  -0.01457   0.00730
  19720731   0.00233   0.02207   0.04445
  19720831   0.03387   0.02246  -0.01224
  19720928  -0.00487  -0.00491   0.01883
  19721031   0.00928  -0.05304  -0.04421
  19721130   0.04461   0.01761   0.06814
  19721228   0.01176   0.02774   0.15608
  19730131  -0.01726   0.08004   0.04106
  19730228  -0.03821  -0.00599  -0.04831
  19730330  -0.00143   0.00000  -0.01643
  19730430  -0.04166  -0.05600  -0.03160
  19730531  -0.01906  -0.03279  -0.00614
  19730628  -0.00659   0.00712  -0.02493
  19730731   0.03728  -0.00792   0.09760
  19730831  -0.03737  -0.04016  -0.08663
  19730928   0.03932  -0.15415   0.09062
  19731031  -0.00129   0.08272   0.09647
  19731130  -0.12088  -0.05174  -0.21926
  19731231   0.01643  -0.07136   0.04263
  19740131  -0.01010  -0.00610   0.01686
  19740228  -0.00363  -0.02516  -0.00763
  19740328  -0.02356  -0.00897   0.05483
  19740430  -0.03983  -0.03673  -0.04300
  19740531  -0.03413  -0.06110   0.06312
  19740628  -0.01478   0.00118  -0.05708
  19740731  -0.08098  -0.05371  -0.11985
  19740830  -0.09462  -0.04113  -0.01367
  19740930  -0.12707  -0.18860  -0.22961
  19741031   0.15105   0.17351   0.13000
  19741128  -0.05465  -0.05642  -0.09798
  19741231  -0.02036  -0.05360   0.01045
  19750131   0.11583   0.11381   0.10827
  19750228   0.05817   0.14212   0.23058
  19750331   0.02146  -0.04205   0.08761
  19750430   0.04618   0.01561   0.12979
  19750530   0.04316   0.03108   0.09118
  19750630   0.04337  -0.02831   0.03742
  19750731  -0.07005  -0.09399  -0.10851
  19750828  -0.02130  -0.01190  -0.13906
  19750930  -0.03526   0.01068   0.03850
  19751031   0.05981   0.11999   0.03313
  19751128   0.02441   0.07213  -0.03183
  19751231  -0.01158  -0.00943  -0.02224
  19760130   0.11182   0.13923   0.14503
  19760228  -0.01147  -0.00145  -0.01731
  19760331   0.03023   0.02463   0.07424
  19760430  -0.01106  -0.03347  -0.08230
  19760528  -0.01446   0.01954  -0.01420
  19760630   0.04011   0.07550   0.08999
  19760730  -0.00809  -0.01685  -0.05601
  19760831  -0.00513   0.01369  -0.18972
  19760930   0.02239   0.02793   0.03180
  19761028  -0.02248  -0.03481  -0.09046
  19761130  -0.00780   0.00550   0.09045
  19761231   0.05117   0.02954  -0.05843
  19770131  -0.05185  -0.01398  -0.12497
  19770228  -0.02190   0.01174  -0.06022
  19770331  -0.01413   0.00181   0.02149
  19770428   0.00020  -0.06635  -0.06284
  19770531  -0.02385  -0.04244   0.06115
  19770630   0.04436   0.07266   0.06877
  19770728  -0.01635   0.01551   0.00474
  19770831  -0.02126   0.01021  -0.00157
  19770930  -0.00248  -0.02786  -0.01494
  19771031  -0.04438  -0.01447  -0.09949
  19771130   0.02661   0.03533   0.03313
  19771230   0.00285   0.03535   0.00514
  19780131  -0.06348  -0.02969  -0.09668
  19780228  -0.02507  -0.04376  -0.03831
  19780331   0.02462  -0.06474  -0.02252
  19780428   0.08197   0.12178   0.19097
  19780531   0.00422  -0.01848   0.02936
  19780630  -0.01775  -0.00388   0.04280
  19780731   0.05251   0.08830   0.06135
  19780831   0.02559   0.04779   0.02295
  19780928  -0.00729  -0.05230  -0.00113
  19781031  -0.09604  -0.04712  -0.13048
  19781130   0.01650   0.03031   0.08539
  19781228   0.01478   0.10220   0.06927
  19790131   0.03898   0.03376  -0.03251
  19790228  -0.03721  -0.01735  -0.02179
  19790330   0.05368   0.05038   0.09545
  19790430   0.00167  -0.00397   0.01855
  19790531  -0.02669  -0.02191  -0.01721
  19790628   0.03793  -0.03515   0.04004
  19790731   0.00871  -0.05066  -0.03665
  19790831   0.05172   0.01578   0.19117
  19790928   0.00000  -0.03267   0.02780
  19791031  -0.07108  -0.08266  -0.09918
  19791130   0.04174   0.05816   0.07749
  19791231   0.01663  -0.01350   0.03830
  19800131   0.05602   0.06393   0.12876
  19800228  -0.00439  -0.06417  -0.02636
  19800331  -0.10735  -0.13017  -0.03931
  19800430   0.04032  -0.01582  -0.08937
  19800530   0.04552   0.02448   0.06318
  19800630   0.02661   0.05916   0.01980
  19800731   0.06301   0.10494   0.19757
  19800828   0.00582   0.01687  -0.06454
  19800930   0.02486  -0.02121   0.05096
  19801031   0.01589   0.03825  -0.01853
  19801128   0.09747   0.03481   0.20252
  19801231  -0.03446  -0.00368  -0.00445
  19810130  -0.04682  -0.05295  -0.08448
  19810228   0.01319   0.01136   0.06188
  19810331   0.03540  -0.02961   0.05665
  19810430  -0.02374  -0.06200   0.06284
  19810528  -0.00166   0.01666   0.07338
  19810630  -0.01046  -0.01500  -0.10698
  19810731  -0.00221  -0.03071   0.00393
  19810831  -0.06411  -0.00249  -0.09322
  19810930  -0.05533  -0.01831  -0.03366
  19811030   0.04798  -0.04972   0.08553
  19811130   0.03594   0.07227  -0.10052
  19811231  -0.03054   0.04266  -0.04171
  19820128  -0.01770   0.11215   0.12163
  19820226  -0.06246  -0.01409  -0.05159
  19820331  -0.01022  -0.03494  -0.04981
  19820430   0.03923   0.07261   0.09165
  19820528  -0.03995  -0.02986  -0.01136
  19820630  -0.02050  -0.01433  -0.02758
  19820730  -0.02326   0.07925  -0.02080
  19820831   0.10973   0.08378   0.26490
  19820930   0.00758   0.03997  -0.03165
  19821028   0.10468   0.08488   0.16632
  19821130   0.03548   0.08958   0.15645
  19821231   0.01505   0.10681   0.00790
  19830131   0.03259   0.02690   0.08373
  19830228   0.01882   0.00991   0.05961
  19830331   0.03255   0.02740  -0.05395
  19830428   0.07225   0.13966  -0.05808
  19830531  -0.01243  -0.04190   0.09652
  19830630   0.03461   0.07779   0.09435
  19830728  -0.03357   0.00104  -0.06527
  19830831   0.01126   0.00062   0.02032
  19830930   0.01011   0.05989  -0.04900
  19831031  -0.01529  -0.00099  -0.15668
  19831130   0.01728  -0.06878   0.11660
  19831230  -0.00887   0.03864   0.06501
  19840131  -0.00926  -0.06673  -0.05145
  19840228  -0.03964  -0.02596  -0.12911
  19840330   0.01341   0.03344   0.04274
  19840430   0.00546  -0.00219   0.00338
  19840531  -0.06119  -0.04542  -0.05557
  19840628   0.01732  -0.01873   0.04319
  19840731  -0.01659   0.04620   0.00000
  19840831   0.10105   0.11983   0.07264
  19840928  -0.00349   0.00403  -0.04748
  19841031  -0.00006   0.01180  -0.03056
  19841130  -0.01523  -0.02334  -0.09772
  19841231   0.02212   0.01123   0.03159
  19850131   0.07147   0.10220   0.10166
  19850228   0.00864  -0.00939  -0.01342
  19850328  -0.00293  -0.05365  -0.08294
  19850430  -0.00460  -0.00395  -0.06847
  19850531   0.05264   0.02517   0.04616
  19850628   0.01206  -0.03864   0.05287
  19850731  -0.00486   0.05980   0.07894
  19850830  -0.01206  -0.02817  -0.06476
  19850930  -0.03534  -0.02196  -0.08660
  19851031   0.04163   0.04730  -0.07174
  19851128   0.06303   0.08112   0.17054
  19851231   0.04407   0.10679   0.02559
  19860131   0.00237  -0.02606   0.06899
  19860228   0.06905   0.00314   0.10822
  19860331   0.05144   0.00413   0.00409
  19860430  -0.01425   0.03087   0.02801
  19860530   0.04901  -0.01792   0.02186
  19860630   0.01401  -0.03932  -0.11914
  19860731  -0.06047  -0.10044  -0.04044
  19860828   0.06877   0.05399   0.16632
  19860930  -0.08931  -0.03111  -0.18737
  19861031   0.05328  -0.08432   0.01291
  19861128   0.02125   0.03653   0.10920
  19861231  -0.02870  -0.05768  -0.03676
  19870130   0.12378   0.07038   0.17983
  19870228   0.03625   0.08805   0.09054
  19870331   0.02605   0.07340   0.03677
  19870430  -0.01152   0.06449  -0.01550
  19870528   0.00601   0.00607   0.15096
  19870630   0.04680   0.01551  -0.06249
  19870731   0.04709  -0.00927   0.00000
  19870831   0.03436   0.05130   0.08051
  19870930  -0.02447  -0.11057   0.06310
  19871030  -0.24543  -0.20752  -0.34110
  19871130  -0.08921  -0.09095  -0.09407
  19871231   0.07033   0.04200   0.24541
  19880128   0.03963  -0.02743  -0.02609
  19880228   0.04097   0.05391   0.08241
  19880331  -0.03391  -0.08778  -0.01323
  19880428   0.00938   0.05205   0.00615
  19880531   0.00317   0.00198  -0.08090
  19880630   0.04235   0.12418  -0.00998
  19880728  -0.00542  -0.01284  -0.09890
  19880831  -0.03936  -0.11045  -0.08252
  19880930   0.03896   0.03416   0.07177
  19881031   0.02563   0.06094   0.01245
  19881130  -0.01907  -0.02498  -0.04299
  19881230   0.01458   0.02808   0.09761
  19890131   0.06870   0.06933   0.08113
  19890228  -0.02937  -0.06341  -0.04425
  19890331   0.02060  -0.10742  -0.07107
  19890428   0.04888   0.04370   0.09950
  19890531   0.03454  -0.02815  -0.04967
  19890630  -0.00795   0.02031  -0.04092
  19890731   0.08468   0.02755   0.03792
  19890831   0.01540   0.02859  -0.02353
  19890928  -0.00656  -0.06961  -0.04172
  19891031  -0.02550  -0.08597  -0.05103
  19891130   0.01640  -0.01421  -0.05102
  19891228   0.02119  -0.03651   0.04271
  19900131  -0.07130   0.04670  -0.05716
  19900228   0.00850   0.06344  -0.03419
  19900330   0.02397   0.02143   0.06138
  19900430  -0.02726   0.02673  -0.04756
  19900531   0.08800   0.10618   0.09035
  19900628  -0.00893  -0.02105  -0.00830
  19900731  -0.00523  -0.05241  -0.09135
  19900831  -0.09906  -0.07847  -0.21233
  19900928  -0.05254   0.04322  -0.03710
  19901031  -0.00672  -0.00944  -0.25345
  19901130   0.05820   0.08597   0.14310
  19901231   0.02453  -0.00552   0.06391
  19910131   0.04068   0.11483   0.19853
  19910228   0.06511   0.02501   0.18179
  19910318   0.02196  -0.12277   0.07239
  19910430   0.00035  -0.10037   0.02225
  19910531   0.03785   0.04123   0.05932
  19910628  -0.04907  -0.08862  -0.06423
  19910731   0.04388   0.04159   0.05743
  19910830   0.01946  -0.03176  -0.01641
  19910930  -0.01933   0.06736  -0.06344
  19911031   0.01179  -0.05326   0.01753
  19911128  -0.04492  -0.04731  -0.04570
  19911231   0.10579  -0.03857   0.17144
  19920131  -0.02010   0.01118   0.03871
  19920228   0.00951  -0.02151   0.20870
  19920331  -0.02207  -0.03962   0.10028
  19920430   0.02751   0.08327  -0.00623
  19920528   0.00096   0.01324  -0.05129
  19920630  -0.01751   0.07558  -0.09554
  19920731   0.03861  -0.03245   0.06499
  19920831  -0.02429  -0.07578  -0.24986
  19920930   0.00907  -0.07023  -0.02297
  19921030   0.00211  -0.18854   0.01998
  19921130   0.02981   0.03792   0.15635
  19921231   0.01006  -0.30368   0.05236
  19930128   0.00703   0.02208   0.02996
  19930226   0.01043   0.06420   0.02402
  19930331   0.01853  -0.06654   0.03432
  19930430  -0.02575  -0.04524  -0.01656
  19930528   0.02247   0.09161   0.10753
  19930630   0.00076  -0.06612  -0.02582
  19930730  -0.00534  -0.10395  -0.11778
  19930831   0.03385   0.03315   0.02908
  19930930  -0.01004  -0.08553  -0.07710
  19931028   0.01920   0.09097   0.07398
  19931130  -0.01299   0.16265   0.00170
  19931231   0.01004   0.04757   0.07193
  19940131   0.03198   0.00000   0.07614
  19940228  -0.03051  -0.06159   0.06114
  19940331  -0.04683   0.03256  -0.09544
  19940428   0.01146   0.05129  -0.02309
  19940531   0.01234   0.09531  -0.02205
  19940630  -0.02718  -0.06984  -0.03830
  19940728   0.03099   0.05182   0.03107
  19940831   0.03695   0.10536   0.14653
  19940930  -0.02727   0.01629  -0.02478
  19941031   0.02062   0.06768   0.11348
  19941130  -0.04030  -0.04812  -0.00128
  19941230   0.01222   0.03813   0.02451
  19950131   0.02399  -0.01889   0.00624
  19950228   0.03543   0.04573   0.13478
  19950331   0.02696   0.08742   0.04817
  19950428   0.02758   0.14168   0.09408
  19950531   0.03567  -0.01464  -0.00189
  19950630   0.02106   0.03175   0.12383
  19950731   0.03129   0.12585   0.04430
  19950831  -0.00032  -0.04942   0.02692
  19950928   0.03932  -0.08976   0.04372
  19951031  -0.00499   0.02868   0.10521
  19951130   0.04023  -0.00387  -0.10971
  19951228   0.01729  -0.05586   0.01138
  19960131   0.03210   0.17177   0.01187
  19960228   0.00691   0.12442   0.17294
  19960328   0.00789  -0.09735  -0.06589
  19960430   0.01334  -0.03197   0.11763
  19960531   0.02259  -0.00605   0.00588
  19960628   0.00226  -0.07537  -0.06433
  19960731  -0.04683   0.08237  -0.12408
  19960830   0.01864   0.06505  -0.00570
  19960930   0.05275   0.08482   0.11067
  19961031   0.02579   0.03550  -0.09968
  19961128   0.07081   0.21364   0.19964
  19961231  -0.02174  -0.05067  -0.06727
  19970131   0.05951   0.03487   0.04618
  19970228   0.00591  -0.08494   0.06439
  19970331  -0.04354  -0.04627  -0.04799
  19970430   0.05677   0.15649  -0.01653
  19970530   0.05693   0.07730  -0.01923
  19970630   0.04253   0.04244   0.08627
  19970731   0.07522   0.15850   0.22314
  19970828  -0.05917  -0.04028  -0.12946
  19970930   0.05179   0.04461   0.12520
  19971031  -0.03509  -0.07338  -0.12116
  19971128   0.04362   0.10770  -0.00814
  19971231   0.01561  -0.04554   0.02249
  19980130   0.01010  -0.05779  -0.03674
  19980228   0.06808   0.05791   0.10827
  19980331   0.04874  -0.00540  -0.05341
  19980430   0.00904   0.10932   0.17341
  19980528  -0.01901   0.01579  -0.19031
  19980630   0.03868  -0.02314  -0.03723
  19980731  -0.01169   0.14329  -0.07588
  19980831  -0.15759  -0.16057  -0.13353
  19980930   0.06053   0.13186   0.08927
  19981030   0.07723   0.14465   0.12939
  19981130   0.05745   0.10745   0.03766
  19981231   0.05485   0.11027   0.09027
  19990128   0.04019  -0.00612   0.13741
  19990226  -0.03281  -0.07523  -0.16524
  19990331   0.03806   0.04323   0.02284
  19990430   0.03724   0.16567   0.15111
  19990528  -0.02529   0.10454   0.17875
  19990630   0.05301   0.10815   0.06513
  19990730  -0.03257  -0.02795   0.04083
  19990831  -0.00627  -0.00803   0.00655
  19990930  -0.02897  -0.02902  -0.14765
  19991028   0.06066  -0.20828  -0.20152
  19991130   0.01888   0.04898   0.24596
  19991231   0.05623   0.04563   0.18285
  20000131  -0.05224   0.03976  -0.04956
  20000228  -0.02031  -0.08726   0.21712
  20000331   0.09232   0.13839  -0.01095
  20000428  -0.03128  -0.05666   0.01586
  20000531  -0.02216  -0.03649  -0.11622
  20000630   0.02365   0.02017   0.25811
  20000731  -0.01647   0.02590  -0.13425
  20000831   0.05893   0.16139   0.10066
  20000928  -0.05496  -0.15985  -0.21736
  20001031  -0.00496  -0.13289  -0.04211
  20001130  -0.08346  -0.05070  -0.38550
  20001228   0.00404  -0.09531   0.00055
  20010131   0.03405   0.27585   0.15488
  20010228  -0.09683  -0.11302  -0.24475
  20010330  -0.06635  -0.03795   0.08311
  20010430   0.07400   0.17993  -0.09521
  20010531   0.00508  -0.02818   0.03082
  20010628  -0.02532   0.01067  -0.02207
  20010731  -0.01083  -0.07143  -0.14822
  20010831  -0.06626  -0.04988  -0.06060
  20010928  -0.08525  -0.08593  -0.36390
  20011031   0.01794   0.16404   0.04746
  20011130   0.07249   0.06848   0.26743
  20011231   0.00754   0.04541  -0.06433
  20020131  -0.01569  -0.11435   0.07366
  20020228  -0.02099  -0.09350  -0.09431
  20020328   0.03608   0.05820  -0.11023
  20020430  -0.06339  -0.21644  -0.04795
  20020531  -0.00912  -0.03846   0.11008
  20020628  -0.07522  -0.11097  -0.21740
  20020731  -0.08228  -0.02247  -0.07683
  20020830   0.00487   0.07034  -0.05222
  20020930  -0.11655  -0.25676  -0.13363
  20021031   0.08291   0.30292   0.30299
  20021128   0.05550   0.09802   0.20938
  20021231  -0.06223  -0.11472  -0.11062
  20030131  -0.02779   0.00899   0.00288
  20030228  -0.01715  -0.00128  -0.09387
  20030331   0.00833   0.00614  -0.01398
  20030430   0.07792   0.07926   0.04710
  20030530   0.04965   0.03813   0.17925
  20030630   0.01126  -0.06500   0.09204
  20030731   0.01609  -0.01527  -0.00612
  20030828   0.01771   0.01126  -0.06036
  20030930  -0.01201   0.07424  -0.02490
  20031031   0.05350   0.01294   0.14183
  20031128   0.00710   0.01354  -0.02588
  20031231   0.04952   0.02336   0.05851
