  -3.862
   1.614
  -0.588
  -6.397
  -8.991
  -8.538
   6.162
   1.516
  -4.941
   0.443
   9.673
   1.340
   4.796
  -2.927
   3.485
   4.738
   1.423
  -2.041
  -0.347
   4.760
  -1.109
   3.171
  -1.060
   2.415
   2.657
   0.982
   1.506
   0.606
   1.138
   1.629
   1.808
  -1.636
   2.832
   0.805
  -0.520
   0.390
   3.262
  -0.148
  -1.464
   3.367
  -0.777
  -4.985
   1.334
   2.227
   3.151
   2.698
  -0.880
   0.891
   0.486
  -1.803
  -2.206
   2.030
  -5.566
  -1.627
  -1.354
  -8.094
  -0.702
   4.644
   0.312
  -0.149
   7.527
   0.196
   3.865
   4.137
  -5.387
   1.736
   4.434
  -1.179
   3.226
  -2.949
   0.106
   2.594
  -4.484
  -3.172
   0.936
   7.875
   1.111
   0.908
  -1.865
   1.139
   3.782
   0.718
   4.685
  -4.251
  -0.821
  -4.853
   3.386
   2.125
  -0.222
  -5.718
  -6.207
   3.929
  -2.534
   4.329
  -3.591
  -1.883
  -7.955
   5.135
   0.145
  -9.484
  -6.291
  -5.132
   7.073
   4.350
   3.247
  -1.147
   4.636
   5.522
   3.968
   0.903
   3.614
   3.565
  -4.245
   0.070
  -4.220
   3.546
  -0.699
  -4.269
  -0.255
   8.267
   1.796
   2.499
   0.589
   0.437
   1.713
  -2.206
   0.233
   3.387
  -0.487
   0.928
   4.461
   1.176
  -1.726
  -3.821
  -0.143
  -4.166
  -1.906
  -0.659
   3.728
  -3.737
   3.932
  -0.129
 -12.088
   1.643
  -1.010
  -0.363
  -2.356
  -3.983
  -3.413
  -1.478
  -8.098
  -9.462
 -12.707
  15.105
  -5.465
  -2.036
  11.583
   5.817
   2.146
   4.618
   4.316
   4.337
  -7.005
  -2.130
  -3.526
   5.981
   2.441
  -1.158
  11.182
  -1.147
   3.023
  -1.106
  -1.446
   4.011
  -0.809
  -0.513
   2.239
  -2.248
  -0.780
   5.117
  -5.185
  -2.190
  -1.413
   0.020
  -2.385
   4.436
  -1.635
  -2.126
  -0.248
  -4.438
   2.661
   0.285
  -6.348
  -2.507
   2.462
   8.197
   0.422
  -1.775
   5.251
   2.559
  -0.729
  -9.604
   1.650
   1.478
   3.898
  -3.721
   5.368
   0.167
  -2.669
   3.793
   0.871
   5.172
   0.000
  -7.108
   4.174
   1.663
   5.602
  -0.439
 -10.735
   4.032
   4.552
   2.661
   6.301
   0.582
   2.486
   1.589
   9.747
  -3.446
  -4.682
   1.319
   3.540
  -2.374
  -0.166
  -1.046
  -0.221
  -6.411
  -5.533
   4.798
   3.594
  -3.054
  -1.770
  -6.246
  -1.022
   3.923
  -3.995
  -2.050
  -2.326
  10.973
   0.758
  10.468
   3.548
   1.505
   3.259
   1.882
   3.255
   7.225
  -1.243
   3.461
  -3.357
   1.126
   1.011
  -1.529
   1.728
  -0.887
  -0.926
  -3.964
   1.341
   0.546
  -6.119
   1.732
  -1.659
  10.105
  -0.349
  -0.006
  -1.523
   2.212
   7.147
   0.864
  -0.293
  -0.460
   5.264
   1.206
  -0.486
  -1.206
  -3.534
   4.163
   6.303
   4.407
   0.237
   6.905
   5.144
  -1.425
   4.901
   1.401
  -6.047
   6.877
  -8.931
   5.328
   2.125
  -2.870
  12.378
   3.625
   2.605
  -1.152
   0.601
   4.680
   4.709
   3.436
  -2.447
 -24.543
  -8.921
   7.033
   3.963
   4.097
  -3.391
   0.938
   0.317
   4.235
  -0.542
  -3.936
   3.896
   2.563
  -1.907
   1.458
   6.870
  -2.937
   2.060
   4.888
   3.454
  -0.795
   8.468
   1.540
  -0.656
  -2.550
   1.640
   2.119
  -7.130
   0.850
   2.397
  -2.726
   8.800
  -0.893
  -0.523
  -9.906
  -5.254
  -0.672
   5.820
   2.453
   4.068
   6.511
   2.196
   0.035
   3.785
  -4.907
   4.388
   1.946
  -1.933
   1.179
  -4.492
  10.579
  -2.010
   0.951
  -2.207
   2.751
   0.096
  -1.751
   3.861
  -2.429
   0.907
   0.211
   2.981
   1.006
   0.703
   1.043
   1.853
  -2.575
   2.247
   0.076
  -0.534
   3.385
  -1.004
   1.920
  -1.299
   1.004
   3.198
  -3.051
  -4.683
   1.146
   1.234
  -2.718
   3.098
   3.695
  -2.727
   2.062
  -4.030
   1.222
   2.399
   3.543
   2.696
   2.758
   3.567
   2.106
   3.129
  -0.032
   3.932
  -0.499
   4.023
   1.729
   3.210
   0.691
   0.789
   1.334
   2.259
   0.226
  -4.683
   1.864
   5.278
   2.577
   7.081
  -2.174
   5.951
   0.591
  -4.354
   5.677
   5.693
   4.253
   7.525
  -5.919
   5.179
  -3.509
   4.362
   1.561
   1.010
   6.808
   4.874
   0.905
  -1.902
   3.868
  -1.169
 -15.732
   6.030
   7.719
   5.745
   5.485
   4.019
  -3.281
   3.806
   3.724
  -2.529
   5.301
  -3.257
  -0.627
  -2.897
   6.066
   1.888
   5.623
