  825
  247
  196
  218
  187
  203
  275
  177
  224
  255
  264
  208
  195
  184
  159
  202
  159
  165
  165
  187
  202
  177
  157
  185
  175
  160
  151
  155
  133
  156
  154
  152
  123
  133
  127
  139
  105
  154
  119
  116
  143
  130
  113
  111
  142
  123
  145
  129
  144
  141
  132
  114
  118
  156
  127
  171
  175
  252
  158
  160
  172
  158
  154
  167
  153
  166
  196
  186
  199
  176
  213
  205
  229
  231
  203
  193
  245
  235
  705
  209
  205
  211
  176
  171
  166
  184
  143
  152
  200
  214
  193
  153
  155
  171
  153
  139
  162
  133
  150
  180
  190
  179
  165
  141
  239
  288
  201
  152
  150
  121
  140
  129
  118
  103
  129
  110
  130
   91
  116
  100
  127
  136
  132
  117
  113
  126
  112
  127
  137
  102
  144
  142
  174
  143
  164
  161
  148
  196
  152
  145
  130
  178
  169
  186
  168
  147
  171
  175
  146
  152
  190
  152
  262
  243
  248
  219
  786
  257
  226
  189
  201
  180
  187
  222
  192
  212
  165
  174
  179
  158
  170
  148
  142
  149
  136
  146
  166
  184
  161
  185
  156
  154
  151
  160
  147
  126
  157
  154
  139
  139
  113
  122
  154
  116
  113
  121
  162
  143
  132
  119
  107
  129
  123
  120
  111
  144
   96
  106
  113
  140
  126
  140
  141
  122
  141
  151
  147
  133
  124
  142
  156
  134
  181
  154
  209
  150
  199
  233
  172
  162
  194
  174
  192
  164
  493
  125
  151
  140
  140
  118
  124
  155
  153
  156
  159
  181
  162
  157
  165
  181
  154
  140
  144
  164
  138
  145
  122
  128
  117
  125
  152
  137
  106
  100
  117
  133
  118
  117
  109
  115
  106
  109
  133
   94
  127
  129
  102
  112
  115
  160
  116
  139
  107
  134
  117
  149
  141
  154
  164
  126
  139
  140
  133
  142
  146
  136
  145
  149
  141
  152
  160
  142
  118
  155
  139
  146
  143
  170
  228
  200
  214
  197
  492
  202
  214
  160
  189
  182
  212
  230
  171
  165
  177
  179
  147
  171
  168
  143
  146
  156
  171
  136
  119
  154
  129
  165
  189
  152
  120
  140
  117
   95
  144
  119
  110
  125
   75
  111
   85
   92
   81
   95
   91
  101
  100
  100
  106
  118
   85
  154
  231
  124
  134
  121
  114
  148
  133
  128
  117
  109
  140
  148
  137
  135
  147
  117
  155
  150
  194
  141
  136
  184
  187
  141
  129
  162
  178
  194
  199
  225
