   0.13779
  -0.03443
   0.17203
   0.13741
  -0.20619
  -0.37911
  -0.03454
  -0.03455
   0.03455
   0.06906
   0.03451
   0.13793
  -0.13793
  -0.03451
   0.10350
  -0.03449
  -0.10354
  -0.06908
   0.11396
  -0.04488
  -0.13822
   0.06913
   0.00000
   0.00000
  -0.10372
   0.03458
   0.03457
  -0.24226
  -0.03466
   0.17316
   0.10375
  -0.06916
   0.06916
   0.00000
   0.10364
   0.13803
  -0.06899
   0.13793
  -0.06889
   0.06889
   0.03443
   0.06882
   0.24051
  -0.17173
   0.00000
   0.03437
   0.06870
   0.17156
   0.00000
   0.13703
   0.44747
  -0.07160
  -0.10237
  -0.06831
  -0.03417
   0.00000
   0.06833
   0.00000
   0.06828
   0.00683
   0.02730
   0.13638
  -0.03408
   0.06814
  -0.06814
  -0.13643
  -0.10244
   0.10244
   0.27267
  -0.17033
   0.17033
  -0.03404
   0.03404
  -0.10216
   0.27220
   0.03397
  -0.16861
   0.10120
  -0.54091
   0.27082
  -0.23693
   0.13546
  -0.06770
   0.00000
  -0.13555
  -0.16969
   0.30524
   0.03386
   0.06768
   0.00000
   0.00000
  -0.00338
  -0.06430
  -0.20332
   0.03392
  -0.06784
   0.03393
   0.03392
  -0.03392
   0.06782
   0.00000
   0.00000
   0.00000
   0.03389
  -0.06780
  -0.10178
   0.10178
  -0.06784
   0.13564
  -0.23749
  -0.30617
   0.00000
   0.17021
   0.16992
   0.00000
  -0.06791
  -0.27211
  -0.03407
   0.03407
  -0.37536
   0.37536
  -0.10223
   0.13629
  -0.06812
   0.03407
   0.03405
  -0.03405
   0.00000
   0.13615
  -0.10209
  -0.06812
   0.06812
  -0.17039
  -0.06824
  -0.10244
  -0.06835
  -0.03419
  -0.03421
  -0.20548
   0.06854
   0.03425
   0.17109
  -0.20534
   0.00000
  -0.10283
   0.03429
   0.10279
   0.20527
  -0.10258
  -0.23977
  -0.06861
   0.27416
   0.34282
   0.37575
   0.13629
  -0.34106
   0.03416
   0.00000
  -0.23936
  -0.13703
  -0.17156
   0.10297
   0.58150
   0.20443
  -0.30680
   0.03414
  -0.23919
   0.03421
  -0.03421
  -0.03422
  -0.17126
   0.23969
  -0.20541
   0.03426
  -0.20576
  -0.03433
  -0.10308
  -0.03438
   0.10311
  -0.03436
   0.06870
   0.00000
  -0.06870
  -0.06875
  -0.10322
   0.13760
   0.06873
  -0.13750
  -0.17215
   0.27529
