  -0.51573
   0.10336
   0.03443
  -0.10332
   0.06889
   0.06885
   0.10318
   0.13741
   0.00000
   0.00000
  -0.20619
  -0.34459
  -0.03452
   0.06904
  -0.10357
  -0.03455
   0.00000
   0.13812
  -0.10357
   0.17256
  -0.10350
   0.03451
   0.00000
   0.03450
   0.10343
  -0.10343
  -0.03450
   0.03450
  -0.06901
   0.03451
   0.06899
  -0.03449
   0.00000
   0.00000
  -0.10354
   0.03452
  -0.10361
   0.03455
   0.07942
  -0.07942
   0.03454
  -0.06908
  -0.06913
   0.00000
   0.06913
   0.00000
   0.00000
  -0.10372
   0.10372
  -0.10372
   0.00000
   0.03458
   0.00000
   0.03457
   0.00000
  -0.34626
   0.10400
  -0.06932
   0.03467
   0.10393
   0.06923
   0.06918
   0.03457
  -0.20761
   0.13846
   0.10372
  -0.03456
   0.03456
  -0.03456
   0.17268
  -0.06904
   0.13803
   0.00000
  -0.03449
  -0.03450
   0.10347
   0.03446
   0.20683
  -0.10336
   0.03446
   0.10332
  -0.03443
   0.13765
  -0.10322
   0.00000
   0.06882
   0.06878
   0.17173
  -0.17173
   0.00000
   0.00000
   0.00000
   0.06873
  -0.03436
  -0.06875
   0.13746
   0.00000
   0.17156
   0.10279
  -0.10279
   0.10279
   0.03424
   0.20520
   0.24228
  -0.03750
  -0.03410
  -0.06824
  -0.03414
  -0.06831
   0.00000
  -0.06835
   0.03418
   0.00000
   0.00000
   0.03417
   0.03416
   0.00000
   0.00000
   0.03415
   0.03414
   0.06824
  -0.06141
   0.02730
   0.00000
   0.06821
   0.06817
  -0.06817
   0.03409
   0.03408
   0.03407
  -0.17044
   0.10230
  -0.13643
   0.00000
   0.00000
  -0.10244
   0.07513
   0.02731
   0.00000
   0.27267
   0.00000
  -0.17033
   0.03409
   0.13624
  -0.03404
   0.00000
  -0.06812
   0.10216
   0.00000
  -0.10216
   0.17021
   0.10199
   0.06793
  -0.03396
   0.16861
  -0.16861
   0.00000
  -0.23653
   0.33772
  -0.16872
  -0.37219
   0.16935
   0.10147
  -0.16918
  -0.06775
  -0.03050
   0.16596
  -0.10157
   0.03387
   0.13536
  -0.13536
  -0.06775
  -0.06780
  -0.16969
   0.00000
   0.06791
   0.23733
   0.20298
  -0.16912
   0.06768
   0.00000
  -0.03384
   0.03384
   0.00000
   0.00000
   0.06764
  -0.07102
  -0.09816
   0.03386
  -0.03386
  -0.16946
   0.10171
  -0.06780
  -0.03392
  -0.03393
  -0.06789
   0.10182
   0.03392
   0.00000
   0.10168
  -0.13559
  -0.00339
   0.07121
  -0.06782
   0.06782
  -0.03390
   0.03390
   0.00000
   0.00000
   0.06777
  -0.03388
  -0.06780
   0.00000
   0.00000
  -0.10178
   0.06787
   0.03392
  -0.10178
   0.03394
   0.06784
   0.06780
  -0.03389
  -0.20360
  -0.06456
  -0.24162
   0.03407
  -0.03407
  -0.03408
   0.20429
   0.13596
   0.03396
   0.16987
   0.13569
  -0.13569
  -0.03395
  -0.03396
  -0.06796
  -0.20415
  -0.03407
   0.00000
  -0.13638
   0.17044
  -0.10223
  -0.27313
   0.06835
   0.30701
  -0.06814
  -0.03409
   0.10223
   0.03405
   0.03404
  -0.10216
   0.03407
   0.00000
   0.03405
   0.00000
   0.00000
  -0.03405
   0.00000
   0.00000
   0.06810
   0.06805
   0.00000
  -0.10209
  -0.06812
   0.00000
   0.03407
   0.03405
   0.00000
  -0.17039
   0.03410
  -0.10234
   0.06824
  -0.17068
  -0.06835
   0.00000
   0.00000
  -0.03419
  -0.03421
   0.00000
  -0.06845
  -0.13703
   0.10279
  -0.03425
   0.06849
  -0.03424
   0.00000
   0.17109
  -0.03419
  -0.17115
  -0.03426
   0.03426
  -0.06854
  -0.03429
  -0.10293
   0.13722
   0.13703
  -0.03424
   0.00000
   0.20527
  -0.03760
  -0.06498
  -0.13694
  -0.10283
  -0.06861
   0.00000
   0.10290
   0.17126
  -0.13727
   0.00000
   0.34282
   0.13680
   0.23895
   0.00000
   0.13629
  -0.20450
  -0.13657
   0.03416
   0.00000
  -0.13671
   0.13671
  -0.23936
   0.00000
  -0.06849
  -0.06854
  -0.10290
  -0.06866
   0.06866
   0.03431
   0.23985
   0.34165
   0.10227
   0.10216
  -0.10216
  -0.20464
   0.00000
   0.03414
  -0.17079
  -0.06840
   0.03421
   0.00000
   0.00000
  -0.03421
   0.06840
  -0.10262
   0.00000
  -0.17126
   0.03428
   0.20541
  -0.20541
   0.00000
   0.00000
   0.03426
   0.00000
  -0.20576
  -0.03433
   0.00000
   0.06866
  -0.17173
   0.03437
  -0.06875
   0.06875
   0.03436
   0.00000
  -0.03436
   0.10304
  -0.03433
   0.00000
   0.00000
  -0.03435
  -0.03436
  -0.13755
   0.06880
  -0.13765
   0.03443
  -0.03443
   0.17203
  -0.06878
   0.13750
  -0.10311
  -0.03439
  -0.06882
  -0.10332
   0.06889
   0.20640
