  3.24  3.70 19620104.
  3.32  3.75 19620112.
  3.29  3.80 19620120.
  3.26  3.77 19620126.
  3.29  3.80 19620202.
  3.29  3.76 19620208.
  3.31  3.71 19620216.
  3.29  3.65 19620224.
  3.20  3.52 19620302.
  3.15  3.52 19620308.
  3.10  3.52 19620316.
  2.99  3.37 19620324.
  2.96  3.39 19620330.
  2.91  3.34 19620406.
  2.97  3.38 19620412.
  3.00  3.36 19620420.
  3.06  3.43 19620428.
  3.06  3.44 19620504.
  3.01  3.38 19620512.
  3.04  3.41 19620518.
  3.03  3.42 19620524.
  2.98  3.36 19620600.
  2.96  3.34 19620608.
  2.97  3.32 19620616.
  3.04  3.39 19620622.
  3.16  3.51 19620628.
  3.22  3.59 19620706.
  3.27  3.62 19620712.
  3.33  3.64 19620720.
  3.32  3.61 19620728.
  3.30  3.59 19620804.
  3.28  3.53 19620810.
  3.21  3.46 19620816.
  3.15  3.39 19620824.
  3.11  3.40 19620832.
  3.13  3.44 19620908.
  3.06  3.42 19620914.
  3.04  3.41 19620920.
  3.03  3.37 19620928.
  2.98  3.30 19621004.
  2.99  3.32 19621012.
  2.96  3.32 19621020.
  2.98  3.36 19621026.
  2.98  3.36 19621102.
  2.98  3.36 19621108.
  2.99  3.39 19621116.
  3.01  3.42 19621124.
  3.03  3.42 19621130.
  3.02  3.42 19621208.
  2.99  3.38 19621214.
  3.00  3.34 19621220.
  3.01  3.34 19621228.
  3.04  3.39 19630104.
  3.03  3.38 19630112.
  3.01  3.36 19630118.
  3.06  3.43 19630124.
  3.05  3.42 19630200.
  3.00  3.39 19630208.
  3.00  3.39 19630216.
  3.01  3.37 19630222.
  3.03  3.41 19630300.
  2.99  3.40 19630308.
  3.00  3.40 19630316.
  3.05  3.41 19630322.
  3.10  3.45 19630328.
  3.08  3.44 19630404.
  3.10  3.46 19630412.
  3.14  3.52 19630420.
  3.13  3.54 19630426.
  3.11  3.53 19630504.
  3.09  3.52 19630510.
  3.09  3.52 19630516.
  3.12  3.53 19630524.
  3.19  3.59 19630532.
  3.23  3.63 19630608.
  3.18  3.60 19630614.
  3.19  3.61 19630620.
  3.19  3.61 19630628.
  3.29  3.68 19630704.
  3.50  3.76 19630712.
  3.55  3.78 19630720.
  3.51  3.79 19630726.
  3.49  3.76 19630802.
  3.50  3.75 19630808.
  3.53  3.77 19630816.
  3.55  3.77 19630824.
  3.58  3.79 19630830.
  3.58  3.81 19630906.
  3.57  3.81 19630912.
  3.58  3.83 19630920.
  3.56  3.82 19630928.
  3.59  3.82 19631004.
  3.61  3.84 19631012.
  3.64  3.86 19631018.
  3.69  3.89 19631024.
  3.68  3.92 19631100.
  3.75  3.96 19631108.
  3.77  3.96 19631116.
  3.73  3.94 19631122.
  3.73  3.94 19631128.
  3.78  3.97 19631206.
  3.80  3.99 19631212.
  3.83  4.04 19631220.
  3.84  4.05 19631228.
  3.84  4.06 19640104.
  3.81  4.06 19640110.
  3.79  4.04 19640116.
  3.77  4.02 19640124.
  3.78  4.01 19640132.
  3.74  3.98 19640208.
  3.75  3.98 19640214.
  3.78  4.00 19640220.
  3.86  4.04 19640228.
  3.91  4.08 19640306.
  3.90  4.09 19640312.
  3.90  4.12 19640320.
  3.94  4.19 19640328.
  3.95  4.18 19640404.
  3.93  4.16 19640410.
  3.93  4.16 19640416.
  3.89  4.14 19640424.
  3.85  4.11 19640500.
  3.86  4.08 19640508.
  3.82  4.01 19640516.
  3.84  4.04 19640522.
  3.84  4.03 19640528.
  3.84  4.02 19640604.
  3.85  4.02 19640612.
  3.85  4.02 19640620.
  3.82  3.99 19640626.
  3.79  3.96 19640704.
  3.75  3.93 19640710.
  3.67  3.91 19640716.
  3.71  3.94 19640724.
  3.70  3.93 19640732.
  3.70  3.92 19640808.
  3.74  3.94 19640814.
  3.75  3.93 19640820.
  3.77  3.94 19640828.
  3.83  3.98 19640904.
  3.86  4.02 19640912.
  3.85  4.02 19640918.
  3.82  4.00 19640924.
  3.84  4.01 19641002.
  3.86  4.03 19641008.
  3.87  4.04 19641016.
  3.87  4.02 19641024.
  3.87  4.01 19641030.
  3.86  4.01 19641106.
  3.85  3.99 19641112.
  3.86  4.01 19641120.
  4.03  4.12 19641128.
  4.07  4.12 19641204.
  4.03  4.07 19641212.
  3.99  4.06 19641218.
  4.01  4.07 19641224.
  4.01  4.08 19650100.
  3.94  4.05 19650108.
  3.94  4.03 19650116.
  3.94  4.01 19650122.
  3.94  4.03 19650128.
  3.98  4.05 19650204.
  4.02  4.08 19650212.
  4.04  4.09 19650220.
  4.08  4.11 19650226.
  4.10  4.14 19650304.
  4.08  4.16 19650312.
  4.04  4.13 19650320.
  4.04  4.11 19650326.
  4.04  4.12 19650402.
  4.04  4.11 19650408.
  4.03  4.11 19650416.
  4.04  4.13 19650424.
  4.04  4.12 19650430.
  4.03  4.10 19650508.
  4.02  4.12 19650514.
  4.03  4.12 19650520.
  4.04  4.10 19650528.
  4.03  4.10 19650604.
  4.03  4.10 19650612.
  4.00  4.09 19650618.
  3.94  4.04 19650624.
  3.96  4.06 19650702.
  3.98  4.08 19650708.
  3.98  4.09 19650716.
  3.98  4.09 19650724.
  4.00  4.10 19650730.
  4.03  4.13 19650806.
  4.05  4.15 19650812.
  4.07  4.17 19650820.
  4.10  4.18 19650828.
  4.14  4.22 19650904.
  4.15  4.23 19650910.
  4.17  4.21 19650916.
  4.22  4.24 19650924.
  4.35  4.31 19651000.
  4.29  4.30 19651008.
  4.26  4.30 19651016.
  4.29  4.34 19651022.
  4.32  4.36 19651028.
  4.37  4.44 19651104.
  4.38  4.48 19651112.
  4.36  4.45 19651120.
  4.39  4.45 19651126.
  4.41  4.51 19651204.
  4.61  4.69 19651210.
  4.73  4.83 19651216.
  4.81  4.87 19651224.
  4.91  4.95 19651232.
  4.90  4.95 19660108.
  4.87  4.87 19660114.
  4.86  4.88 19660120.
  4.87  4.91 19660128.
  4.88  4.96 19660204.
  4.92  5.01 19660212.
  4.97  5.06 19660218.
  4.99  5.06 19660224.
  5.01  5.04 19660304.
  5.01  5.02 19660312.
  5.00  4.96 19660318.
  4.92  4.91 19660324.
  4.91  4.91 19660400.
  4.87  4.83 19660408.
  4.91  4.87 19660416.
  4.90  4.90 19660422.
  4.91  4.95 19660428.
  4.93  4.98 19660506.
  4.89  4.94 19660512.
  4.90  4.96 19660520.
  5.00  5.09 19660528.
  5.03  5.08 19660604.
  5.03  5.08 19660610.
  4.99  5.01 19660616.
  4.87  4.97 19660624.
  4.96  5.14 19660700.
  5.07  5.18 19660708.
  5.20  5.29 19660716.
  5.22  5.27 19660722.
  5.21  5.29 19660728.
  5.23  5.33 19660804.
  5.33  5.44 19660812.
  5.59  5.71 19660820.
  5.79  5.99 19660826.
  5.89  5.97 19660902.
  5.80  5.78 19660908.
  5.91  5.83 19660916.
  5.88  5.91 19660924.
  5.68  5.63 19660930.
  5.62  5.51 19661008.
  5.60  5.55 19661014.
  5.58  5.48 19661020.
  5.54  5.42 19661028.
  5.54  5.48 19661104.
  5.61  5.55 19661112.
  5.59  5.58 19661118.
  5.49  5.52 19661124.
  5.45  5.47 19661202.
  5.44  5.46 19661208.
  5.20  5.22 19661216.
  5.04  4.97 19661224.
  5.01  4.94 19661230.
  4.93  4.90 19670106.
  4.77  4.80 19670112.
  4.69  4.69 19670120.
  4.69  4.69 19670128.
  4.61  4.62 19670204.
  4.63  4.65 19670210.
  4.76  4.79 19670216.
  4.83  4.83 19670224.
  4.69  4.71 19670304.
  4.56  4.62 19670310.
  4.30  4.46 19670316.
  4.20  4.34 19670324.
  4.15  4.33 19670332.
  4.11  4.30 19670408.
  4.09  4.31 19670414.
  4.11  4.39 19670420.
  4.11  4.49 19670428.
  4.13  4.53 19670504.
  4.14  4.60 19670512.
  4.15  4.62 19670520.
  4.18  4.68 19670526.
  4.19  4.58 19670602.
  4.23  4.66 19670608.
  4.45  4.93 19670616.
  4.55  5.01 19670624.
  4.79  5.06 19670630.
  5.00  5.06 19670708.
  4.94  5.01 19670714.
  4.98  5.06 19670720.
  5.10  5.11 19670728.
  5.09  5.08 19670804.
  5.13  5.18 19670812.
  5.10  5.21 19670818.
  5.14  5.33 19670824.
  5.18  5.35 19670900.
  5.17  5.34 19670908.
  5.21  5.40 19670916.
  5.27  5.45 19670922.
  5.31  5.46 19670928.
  5.30  5.44 19671006.
  5.33  5.48 19671012.
  5.41  5.54 19671020.
  5.42  5.56 19671028.
  5.49  5.66 19671104.
  5.63  5.80 19671110.
  5.61  5.73 19671116.
  5.64  5.67 19671124.
  5.64  5.66 19671200.
  5.71  5.69 19671208.
  5.70  5.71 19671216.
  5.70  5.68 19671222.
  5.74  5.74 19671228.
  5.63  5.62 19680104.
  5.46  5.49 19680112.
  5.35  5.51 19680120.
  5.37  5.54 19680126.
  5.35  5.54 19680202.
  5.43  5.62 19680208.
  5.40  5.58 19680216.
  5.41  5.61 19680224.
  5.44  5.66 19680300.
  5.47  5.72 19680308.
  5.63  5.91 19680316.
  5.66  5.81 19680322.
  5.60  5.80 19680328.
  5.50  5.58 19680404.
  5.54  5.53 19680412.
  5.72  5.74 19680420.
  5.91  5.95 19680426.
  6.01  5.99 19680504.
  6.05  6.04 19680510.
  6.13  6.13 19680516.
  6.32  6.28 19680524.
  6.15  6.05 19680532.
  6.04  5.88 19680608.
  6.04  5.87 19680614.
  5.94  5.72 19680620.
  5.92  5.79 19680628.
  5.84  5.68 19680704.
  5.70  5.57 19680712.
  5.69  5.57 19680720.
  5.50  5.41 19680726.
  5.42  5.44 19680802.
  5.38  5.41 19680808.
  5.48  5.44 19680816.
  5.47  5.44 19680824.
  5.44  5.39 19680830.
  5.43  5.36 19680906.
  5.50  5.44 19680912.
  5.43  5.37 19680920.
  5.42  5.39 19680928.
  5.46  5.44 19681004.
  5.57  5.52 19681012.
  5.57  5.52 19681018.
  5.59  5.54 19681024.
  5.66  5.56 19681100.
  5.72  5.56 19681108.
  5.75  5.57 19681116.
  5.77  5.58 19681122.
  5.76  5.59 19681128.
  5.96  5.89 19681206.
  6.02  6.02 19681212.
  6.24  6.23 19681220.
  6.51  6.44 19681228.
  6.44  6.35 19690104.
  6.49  6.37 19690110.
  6.29  6.17 19690116.
  6.22  6.10 19690124.
  6.32  6.20 19690132.
  6.41  6.26 19690208.
  6.39  6.23 19690214.
  6.41  6.35 19690220.
  6.43  6.43 19690228.
  6.44  6.49 19690308.
  6.34  6.40 19690314.
  6.31  6.36 19690320.
  6.27  6.29 19690328.
  6.25  6.26 19690404.
  6.25  6.26 19690412.
  6.25  6.22 19690418.
  6.28  6.23 19690424.
  6.29  6.35 19690502.
  6.34  6.39 19690508.
  6.42  6.46 19690516.
  6.42  6.58 19690524.
  6.58  6.68 19690530.
  6.79  6.73 19690606.
  7.09  6.76 19690612.
  6.91  6.77 19690620.
  7.26  6.99 19690628.
  7.69  7.28 19690704.
  7.68  7.30 19690712.
  7.53  7.25 19690718.
  7.53  7.36 19690724.
  7.58  7.35 19690800.
  7.48  7.23 19690808.
  7.58  7.34 19690816.
  7.45  7.24 19690822.
  7.63  7.36 19690828.
  7.74  7.50 19690904.
  7.80  7.68 19690912.
  7.81  7.81 19690920.
  7.83  7.90 19690926.
  7.97  8.07 19691004.
  7.82  7.84 19691010.
  7.60  7.49 19691016.
  7.39  7.25 19691024.
  7.54  7.40 19691032.
  7.68  7.48 19691108.
  7.80  7.61 19691114.
  8.01  7.78 19691120.
  8.04  7.71 19691128.
  8.02  7.75 19691204.
  8.16  8.05 19691212.
  8.17  8.18 19691220.
  8.21  8.24 19691226.
  8.34  8.43 19700102.
  8.18  8.35 19700108.
  8.00  8.19 19700116.
  8.04  8.13 19700124.
  8.15  8.26 19700130.
  7.94  8.05 19700206.
  7.72  7.89 19700212.
  7.43  7.70 19700220.
  7.21  7.46 19700228.
  7.05  7.23 19700306.
  6.98  7.17 19700312.
  7.03  7.23 19700320.
  6.79  6.96 19700328.
  6.86  7.10 19700404.
  6.81  7.15 19700410.
  6.87  7.32 19700416.
  7.18  7.57 19700424.
  7.65  7.81 19700500.
  7.72  7.91 19700508.
  7.78  7.94 19700516.
  7.72  7.94 19700522.
  7.78  7.97 19700528.
  7.57  7.74 19700604.
  7.58  7.84 19700612.
  7.60  7.92 19700620.
  7.50  7.86 19700626.
  7.36  7.72 19700704.
  7.23  7.59 19700710.
  7.06  7.54 19700716.
  7.02  7.53 19700724.
  7.03  7.54 19700732.
  7.07  7.54 19700808.
  7.17  7.57 19700814.
  7.02  7.47 19700820.
  6.71  7.30 19700828.
  6.83  7.33 19700904.
  6.86  7.29 19700912.
  6.78  7.11 19700918.
  6.55  6.90 19700924.
  6.60  6.97 19701002.
  6.52  6.94 19701008.
  6.43  6.94 19701016.
  6.39  7.03 19701024.
  6.30  6.92 19701030.
  6.11  6.71 19701106.
  5.87  6.57 19701112.
  5.26  6.14 19701120.
  5.00  5.73 19701128.
  5.04  5.67 19701204.
  5.09  5.69 19701212.
  4.94  5.73 19701218.
  4.95  5.86 19701224.
  4.96  5.83 19710100.
  4.98  5.92 19710108.
  4.68  5.70 19710116.
  4.35  5.45 19710122.
  4.26  5.35 19710128.
  4.17  5.31 19710204.
  3.96  5.16 19710212.
  3.71  4.95 19710220.
  3.68  4.86 19710226.
  3.72  4.78 19710304.
  3.58  4.48 19710312.
  3.60  4.33 19710320.
  3.71  4.39 19710326.
  3.95  4.60 19710402.
  4.07  4.80 19710408.
  4.26  5.15 19710416.
  4.31  5.42 19710424.
  4.65  5.64 19710430.
  4.86  5.88 19710508.
  4.96  5.94 19710514.
  5.20  6.13 19710520.
  5.12  5.92 19710528.
  5.05  5.83 19710604.
  5.40  6.15 19710612.
  5.81  6.52 19710618.
  5.86  6.45 19710624.
  6.18  6.73 19710702.
  6.06  6.69 19710708.
  5.83  6.62 19710716.
  6.03  6.79 19710724.
  6.20  6.88 19710730.
  6.21  6.83 19710806.
  6.22  6.81 19710812.
  5.51  5.96 19710820.
  5.47  6.01 19710828.
  5.34  5.83 19710904.
  5.39  5.87 19710910.
  5.47  5.93 19710916.
  5.44  5.94 19710924.
  5.33  5.83 19711000.
  5.12  5.75 19711008.
  4.90  5.54 19711016.
  4.85  5.49 19711022.
  4.66  5.39 19711028.
  4.57  5.28 19711104.
  4.69  5.35 19711112.
  4.60  5.29 19711120.
  4.76  5.47 19711126.
  4.72  5.37 19711204.
  4.67  5.31 19711210.
  4.64  5.30 19711216.
  4.61  5.30 19711224.
  4.45  5.15 19711232.
  4.41  5.17 19720108.
  4.14  5.01 19720114.
  4.22  5.10 19720120.
  4.33  5.24 19720128.
  4.40  5.32 19720204.
  4.27  5.28 19720212.
  4.16  5.19 19720218.
  4.26  5.21 19720224.
  4.28  5.24 19720304.
  4.35  5.32 19720310.
  4.80  5.69 19720316.
  4.84  5.68 19720324.
  5.02  5.79 19720332.
  5.17  5.96 19720408.
  5.12  5.95 19720414.
  4.93  5.89 19720420.
  4.64  5.71 19720428.
  4.60  5.60 19720504.
  4.66  5.61 19720512.
  4.69  5.56 19720520.
  4.61  5.46 19720526.
  4.69  5.48 19720602.
  4.85  5.55 19720608.
  4.86  5.59 19720616.
  4.96  5.69 19720624.
  5.11  5.78 19720630.
  5.08  5.78 19720708.
  5.04  5.79 19720714.
  4.91  5.78 19720720.
  4.87  5.77 19720728.
  4.82  5.73 19720804.
  4.83  5.73 19720812.
  4.84  5.74 19720818.
  5.09  5.81 19720824.
  5.39  5.98 19720900.
  5.46  6.08 19720908.
  5.51  6.08 19720916.
  5.54  6.04 19720922.
  5.60  6.05 19720928.
  5.60  6.03 19721006.
  5.53  6.04 19721012.
  5.53  6.08 19721020.
  5.44  6.04 19721028.
  5.38  6.01 19721104.
  5.27  5.95 19721110.
  5.20  5.91 19721116.
  5.25  5.93 19721124.
  5.35  5.96 19721200.
  5.44  5.96 19721208.
  5.48  5.97 19721216.
  5.57  6.04 19721222.
  5.64  6.10 19721228.
  5.70  6.15 19730104.
  5.78  6.19 19730112.
  5.89  6.25 19730120.
  6.03  6.35 19730126.
  6.15  6.48 19730202.
  6.16  6.52 19730208.
  6.04  6.49 19730216.
  6.20  6.65 19730224.
  6.43  6.74 19730302.
  6.64  6.83 19730308.
  6.90  6.90 19730316.
  7.03  6.94 19730324.
  7.00  6.81 19730330.
  7.01  6.81 19730406.
  6.82  6.70 19730412.
  6.76  6.77 19730420.
  6.79  6.82 19730428.
  6.83  6.84 19730504.
  6.77  6.81 19730512.
  6.78  6.81 19730518.
  7.03  6.86 19730524.
  7.16  6.85 19730600.
  7.22  6.79 19730608.
  7.20  6.77 19730616.
  7.29  6.81 19730622.
  7.53  6.97 19730628.
  8.05  7.21 19730706.
  8.12  7.32 19730712.
  8.41  7.53 19730720.
  8.72  7.83 19730728.
  8.90  8.07 19730804.
  9.18  8.28 19730810.
  8.89  7.96 19730816.
  8.66  7.71 19730824.
  8.50  7.48 19730832.
  8.39  7.39 19730908.
  8.59  7.51 19730914.
  8.40  7.21 19730920.
  7.87  6.92 19730928.
  7.67  6.90 19731004.
  7.43  6.77 19731012.
  7.38  6.77 19731020.
  7.21  6.78 19731026.
  7.26  6.84 19731102.
  7.73  7.11 19731108.
  7.89  7.19 19731116.
  7.48  6.95 19731124.
  7.26  6.81 19731130.
  7.45  6.91 19731208.
  7.25  6.77 19731214.
  7.08  6.73 19731220.
  7.32  6.83 19731228.
  7.32  6.85 19740104.
  7.39  6.91 19740112.
  7.49  6.96 19740118.
  7.54  7.08 19740124.
  7.23  6.94 19740200.
  6.80  6.72 19740208.
  6.81  6.69 19740216.
  6.85  6.75 19740222.
  7.11  6.92 19740300.
  7.30  7.06 19740308.
  7.43  7.15 19740316.
  8.06  7.51 19740322.
  8.35  7.74 19740328.
  8.47  7.99 19740404.
  8.58  8.04 19740412.
  8.58  7.99 19740420.
  8.71  8.08 19740426.
  9.00  8.33 19740504.
  9.19  8.55 19740510.
  8.76  8.26 19740516.
  8.46  8.09 19740524.
  8.54  8.08 19740532.
  8.63  8.10 19740608.
  8.63  8.10 19740614.
  8.60  8.10 19740620.
  8.82  8.29 19740628.
  9.04  8.46 19740704.
  9.00  8.66 19740712.
  8.61  8.37 19740720.
  8.49  8.11 19740726.
  9.03  8.59 19740802.
  9.08  8.58 19740808.
  9.09  8.56 19740816.
  9.53  8.72 19740824.
  9.83  8.77 19740830.
  9.59  8.65 19740906.
  9.09  8.52 19740912.
  8.68  8.38 19740920.
  8.41  8.18 19740928.
  8.31  8.15 19741004.
  7.97  7.99 19741012.
  8.09  7.98 19741018.
  7.89  7.91 19741024.
  8.00  7.98 19741100.
  7.80  7.81 19741108.
  7.59  7.62 19741116.
  7.55  7.49 19741122.
  7.63  7.48 19741128.
  7.55  7.43 19741206.
  7.24  7.16 19741212.
  7.10  7.07 19741220.
  7.33  7.25 19741228.
  7.29  7.33 19750104.
  7.01  7.24 19750110.
  7.02  7.29 19750116.
  6.70  7.26 19750124.
  6.44  7.08 19750132.
  5.93  6.76 19750208.
  6.07  6.75 19750214.
  5.86  6.46 19750220.
  6.08  6.62 19750228.
  6.06  6.65 19750308.
  6.00  6.67 19750314.
  6.09  6.87 19750320.
  6.24  7.02 19750328.
  6.65  7.46 19750404.
  6.97  7.74 19750412.
  6.83  7.70 19750418.
  7.02  7.90 19750424.
  6.89  7.86 19750502.
  6.61  7.59 19750508.
  6.30  7.31 19750516.
  6.21  7.22 19750524.
  6.26  7.27 19750530.
  6.20  7.18 19750606.
  5.89  6.91 19750612.
  6.20  7.07 19750620.
  6.74  7.46 19750628.
  6.92  7.58 19750704.
  6.96  7.59 19750712.
  6.97  7.65 19750718.
  7.30  7.81 19750724.
  7.38  7.94 19750800.
  7.63  8.11 19750808.
  7.73  8.19 19750816.
  7.80  8.27 19750822.
  7.71  8.09 19750828.
  7.62  8.09 19750904.
  7.70  8.32 19750912.
  7.88  8.44 19750920.
  7.75  8.23 19750926.
  7.70  8.27 19751004.
  7.25  8.03 19751010.
  7.00  7.92 19751016.
  6.73  7.65 19751024.
  6.44  7.41 19751032.
  6.30  7.30 19751108.
  6.38  7.32 19751114.
  6.58  7.59 19751120.
  6.68  7.59 19751128.
  6.75  7.55 19751204.
  6.88  7.65 19751212.
  6.65  7.44 19751220.
  6.32  7.25 19751226.
  6.18  7.12 19760102.
  5.96  7.02 19760108.
  5.77  6.94 19760116.
  5.74  7.00 19760124.
  5.68  6.98 19760130.
  5.82  7.00 19760206.
  5.82  7.11 19760212.
  5.96  7.10 19760220.
  6.02  7.05 19760228.
  6.39  7.30 19760304.
  6.23  7.16 19760312.
  6.23  7.13 19760320.
  6.06  7.00 19760326.
  6.12  7.05 19760402.
  5.96  6.88 19760408.
  5.75  6.70 19760416.
  5.84  6.74 19760424.
  6.02  6.91 19760430.
  6.09  7.00 19760508.
  6.29  7.18 19760514.
  6.54  7.38 19760520.
  6.69  7.52 19760528.
  6.69  7.45 19760604.
  6.52  7.33 19760612.
  6.48  7.28 19760618.
  6.45  7.24 19760624.
  6.46  7.27 19760702.
  6.28  7.17 19760708.
  6.12  7.03 19760716.
  6.21  7.16 19760724.
  6.11  7.06 19760730.
  6.10  6.96 19760806.
  6.02  6.86 19760812.
  6.00  6.83 19760820.
  5.93  6.81 19760828.
  5.91  6.75 19760904.
  5.89  6.71 19760910.
  5.87  6.66 19760916.
  5.76  6.61 19760924.
  5.80  6.59 19761000.
  5.63  6.33 19761008.
  5.38  6.02 19761016.
  5.41  6.15 19761022.
  5.50  6.35 19761028.
  5.45  6.31 19761104.
  5.51  6.33 19761112.
  5.33  6.11 19761120.
  5.05  5.79 19761126.
  4.92  5.65 19761204.
  4.93  5.67 19761210.
  4.91  5.69 19761216.
  4.86  5.67 19761224.
  4.87  5.71 19761232.
  5.02  5.83 19770108.
  5.22  6.20 19770114.
  5.38  6.33 19770120.
  5.50  6.48 19770128.
  5.57  6.54 19770204.
  5.40  6.39 19770212.
  5.37  6.35 19770218.
  5.54  6.51 19770224.
  5.55  6.49 19770304.
  5.52  6.50 19770312.
  5.49  6.46 19770318.
  5.49  6.44 19770324.
  5.45  6.45 19770400.
  5.43  6.45 19770408.
  5.39  6.22 19770416.
  5.41  6.23 19770422.
  5.54  6.36 19770428.
  5.67  6.49 19770506.
  5.87  6.58 19770512.
  5.93  6.57 19770520.
  5.91  6.56 19770528.
  5.86  6.49 19770604.
  5.83  6.46 19770610.
  5.80  6.35 19770616.
  5.79  6.35 19770624.
  5.72  6.32 19770700.
  5.81  6.40 19770708.
  5.88  6.47 19770716.
  5.99  6.55 19770722.
  6.08  6.61 19770728.
  6.24  6.74 19770804.
  6.34  6.81 19770812.
  6.48  6.85 19770820.
  6.42  6.78 19770826.
  6.35  6.72 19770902.
  6.41  6.75 19770908.
  6.57  6.84 19770916.
  6.55  6.86 19770924.
  6.63  6.94 19770930.
  6.79  6.97 19771008.
  7.05  7.18 19771014.
  7.07  7.28 19771020.
  6.96  7.28 19771028.
  7.05  7.32 19771104.
  6.99  7.24 19771112.
  6.92  7.17 19771118.
  6.91  7.19 19771124.
  6.91  7.22 19771202.
  6.94  7.27 19771208.
  6.94  7.27 19771216.
  6.97  7.33 19771224.
  7.01  7.39 19771230.
  7.03  7.40 19780106.
  7.43  7.71 19780112.
  7.34  7.66 19780120.
  7.30  7.65 19780128.
  7.28  7.58 19780204.
  7.31  7.62 19780210.
  7.38  7.71 19780216.
  7.38  7.74 19780224.
  7.34  7.71 19780304.
  7.29  7.69 19780310.
  7.28  7.64 19780316.
  7.25  7.65 19780324.
  7.39  7.79 19780332.
  7.43  7.82 19780408.
  7.40  7.81 19780414.
  7.42  7.83 19780420.
  7.57  7.95 19780428.
  7.68  7.99 19780504.
  7.78  8.06 19780512.
  7.86  8.07 19780520.
  7.93  8.15 19780526.
  7.92  8.19 19780602.
  7.89  8.16 19780608.
  8.03  8.19 19780616.
  8.22  8.40 19780624.
  8.32  8.51 19780630.
  8.34  8.51 19780708.
  8.42  8.56 19780714.
  8.42  8.55 19780720.
  8.39  8.55 19780728.
  8.23  8.36 19780804.
  8.13  8.21 19780812.
  8.38  8.37 19780818.
  8.40  8.35 19780824.
  8.47  8.37 19780900.
  8.46  8.35 19780908.
  8.56  8.34 19780916.
  8.72  8.45 19780922.
  8.81  8.49 19780928.
  8.88  8.50 19781006.
  8.93  8.47 19781012.
  9.17  8.57 19781020.
  9.24  8.69 19781028.
  9.95  9.12 19781104.
 10.16  9.10 19781110.
  9.89  8.95 19781116.
  9.92  8.96 19781124.
 10.11  9.16 19781200.
 10.14  9.12 19781208.
 10.12  9.19 19781216.
 10.49  9.52 19781222.
 10.54  9.59 19781228.
 10.51  9.58 19790104.
 10.51  9.60 19790112.
 10.50  9.59 19790120.
 10.31  9.42 19790126.
 10.13  9.15 19790202.
 10.19  9.20 19790208.
 10.19  9.28 19790216.
 10.33  9.39 19790224.
 10.36  9.45 19790302.
 10.30  9.39 19790308.
 10.31  9.39 19790316.
 10.22  9.38 19790324.
 10.11  9.33 19790330.
 10.09  9.34 19790406.
 10.24  9.46 19790412.
 10.04  9.44 19790420.
 10.12  9.47 19790428.
 10.30  9.54 19790504.
 10.27  9.54 19790512.
 10.09  9.45 19790518.
  9.95  9.27 19790524.
  9.88  9.19 19790600.
  9.74  9.06 19790608.
  9.48  8.90 19790616.
  9.61  8.99 19790622.
  9.39  8.81 19790628.
  9.44  8.78 19790706.
  9.53  8.88 19790712.
  9.70  8.96 19790720.
  9.82  9.05 19790728.
  9.72  9.01 19790804.
  9.72  8.98 19790810.
  9.95  9.06 19790816.
 10.14  9.20 19790824.
 10.28  9.40 19790832.
 10.75  9.68 19790908.
 10.91  9.66 19790914.
 10.89  9.72 19790920.
 10.81  9.71 19790928.
 11.02  9.85 19791004.
 12.50 10.65 19791012.
 12.68 11.01 19791020.
 13.31 11.83 19791026.
 12.91 11.64 19791102.
 12.94 11.56 19791108.
 12.31 11.12 19791116.
 12.45 11.31 19791124.
 11.76 10.64 19791130.
 11.93 10.61 19791208.
 12.28 10.86 19791214.
 11.91 10.68 19791220.
 11.84 10.71 19791228.
 12.02 10.75 19800104.
 11.90 10.69 19800112.
 11.92 10.78 19800118.
 12.11 10.96 19800124.
 12.36 11.24 19800200.
 12.80 11.83 19800208.
 13.22 12.12 19800216.
 14.71 13.65 19800222.
 15.24 14.07 19800228.
 15.77 14.27 19800308.
 15.68 13.83 19800314.
 15.58 13.86 19800320.
 16.25 14.31 19800328.
 15.74 13.64 19800404.
 14.68 12.91 19800412.
 13.21 11.81 19800418.
 11.86 11.23 19800424.
 10.94 10.49 19800502.
  9.77  9.57 19800508.
  9.44  9.44 19800516.
  9.02  9.23 19800524.
  8.68  9.14 19800530.
  8.56  9.23 19800606.
  7.89  8.78 19800612.
  7.87  8.64 19800620.
  8.23  8.96 19800628.
  8.51  9.15 19800704.
  8.54  9.16 19800712.
  8.57  9.19 19800718.
  8.58  9.23 19800724.
  9.13  9.72 19800800.
  9.35  9.90 19800808.
  9.71 10.18 19800816.
 10.79 11.06 19800822.
 11.28 11.52 19800828.
 10.74 10.92 19800904.
 11.12 11.18 19800912.
 11.65 11.74 19800920.
 12.07 12.06 19800926.
 12.28 11.97 19801004.
 11.99 11.54 19801010.
 11.98 11.65 19801016.
 12.56 12.08 19801024.
 13.51 12.82 19801032.
 13.97 13.27 19801108.
 13.61 12.99 19801114.
 14.20 13.33 19801120.
 14.81 13.62 19801128.
 15.18 13.77 19801204.
 15.52 14.10 19801212.
 15.44 14.17 19801220.
 13.82 12.91 19801226.
 13.86 12.81 19810102.
 13.68 12.72 19810108.
 13.91 12.91 19810116.
 14.52 13.32 19810124.
 14.24 13.13 19810130.
 14.41 13.41 19810206.
 14.92 13.86 19810212.
 14.50 13.53 19810220.
 14.50 13.80 19810228.
 14.69 13.95 19810306.
 13.92 13.55 19810312.
 12.96 13.06 19810320.
 13.51 13.57 19810328.
 13.20 13.40 19810404.
 13.98 13.89 19810410.
 14.27 14.07 19810416.
 14.70 14.33 19810424.
 15.11 14.57 19810500.
 16.36 15.35 19810508.
 16.63 15.36 19810516.
 16.44 15.05 19810522.
 15.44 14.55 19810528.
 15.22 14.42 19810604.
 14.73 14.16 19810612.
 14.67 14.15 19810620.
 14.86 14.39 19810626.
 14.94 14.58 19810704.
 15.27 14.76 19810710.
 15.34 14.86 19810716.
 16.36 15.61 19810724.
 16.13 15.55 19810732.
 16.56 15.88 19810808.
 16.45 15.67 19810814.
 16.74 15.98 19810820.
 17.07 16.39 19810828.
 17.15 16.47 19810904.
 16.93 16.42 19810912.
 16.13 15.97 19810918.
 16.05 15.98 19810924.
 16.52 16.36 19811002.
 15.53 15.59 19811008.
 15.14 15.21 19811016.
 15.34 15.50 19811024.
 15.02 15.34 19811030.
 13.83 14.17 19811106.
 12.51 13.07 19811112.
 11.88 12.72 19811120.
 11.70 12.67 19811128.
 12.00 13.06 19811204.
 12.32 13.46 19811212.
 12.79 13.56 19811218.
 13.56 14.15 19811224.
 13.68 14.09 19820100.
 13.80 14.32 19820108.
 14.39 14.73 19820116.
 14.72 14.92 19820122.
 14.37 14.57 19820128.
 14.85 14.84 19820204.
 15.11 15.05 19820212.
 15.03 14.88 19820220.
 14.08 14.26 19820226.
 13.71 13.96 19820304.
 13.73 13.94 19820312.
 14.08 14.19 19820320.
 14.01 14.18 19820326.
 14.32 14.47 19820402.
 14.20 14.36 19820408.
 14.07 14.21 19820416.
 13.86 14.09 19820424.
 13.75 14.02 19820430.
 13.71 13.95 19820508.
 13.49 13.73 19820514.
 13.18 13.71 19820520.
 13.00 13.71 19820528.
 13.46 13.99 19820604.
 13.59 14.08 19820612.
 14.22 14.57 19820618.
 14.62 14.95 19820624.
 14.41 14.81 19820702.
 13.98 14.49 19820708.
 13.46 14.08 19820716.
 12.50 13.53 19820724.
 12.73 13.72 19820730.
 12.32 13.26 19820806.
 12.23 13.24 19820812.
 10.63 12.07 19820820.
 10.63 12.00 19820828.
 11.12 12.25 19820904.
 11.05 12.16 19820910.
 11.10 12.23 19820916.
 10.67 11.96 19820924.
 10.34 11.60 19821000.
 10.05 11.19 19821008.
  8.82 10.27 19821016.
  8.89 10.28 19821022.
  9.26 10.52 19821028.
  9.03  9.96 19821104.
  9.19  9.96 19821112.
  9.23 10.01 19821120.
  9.07  9.92 19821126.
  9.26 10.04 19821204.
  9.06  9.95 19821210.
  8.83  9.84 19821216.
  8.80  9.88 19821224.
  8.75  9.79 19821232.
  8.62  9.65 19830108.
  8.41  9.45 19830114.
  8.56  9.55 19830120.
  8.83  9.87 19830128.
  8.98 10.00 19830204.
  9.06 10.06 19830212.
  8.98  9.95 19830218.
  8.67  9.66 19830224.
  8.59  9.48 19830304.
  8.93  9.78 19830312.
  9.05  9.83 19830318.
  9.28 10.03 19830324.
  9.34 10.06 19830400.
  9.17  9.90 19830408.
  8.94  9.71 19830416.
  8.98  9.77 19830422.
  8.83  9.68 19830428.
  8.64  9.43 19830506.
  8.70  9.45 19830512.
  8.93  9.69 19830520.
  9.23  9.95 19830528.
  9.43 10.17 19830604.
  9.64 10.29 19830610.
  9.54 10.20 19830616.
  9.82 10.45 19830624.
  9.78 10.47 19830700.
 10.12 10.77 19830708.
 10.27 10.92 19830716.
 10.18 10.93 19830722.
 10.31 11.06 19830728.
 10.63 11.38 19830804.
 10.77 11.58 19830812.
 10.43 11.17 19830820.
 10.27 11.03 19830826.
 10.57 11.41 19830902.
 10.38 11.23 19830908.
 10.21 11.14 19830916.
 10.01 10.99 19830924.
  9.89 10.82 19830930.
  9.77 10.74 19831008.
  9.92 10.95 19831014.
  9.69 10.79 19831020.
  9.86 10.98 19831028.
  9.92 11.01 19831104.
  9.95 11.04 19831112.
  9.92 10.96 19831118.
  9.90 10.88 19831124.
 10.01 10.98 19831202.
 10.10 11.10 19831208.
 10.15 11.21 19831216.
 10.13 11.13 19831224.
 10.09 11.10 19831230.
 10.02 11.04 19840106.
  9.91 10.98 19840112.
  9.86 10.86 19840120.
  9.87 10.89 19840128.
  9.81 10.87 19840204.
  9.94 10.96 19840210.
 10.05 11.04 19840216.
 10.21 11.17 19840224.
 10.24 11.24 19840302.
 10.33 11.38 19840308.
 10.53 11.53 19840316.
 10.85 11.77 19840324.
 10.79 11.80 19840330.
 10.91 11.96 19840406.
 10.76 11.84 19840412.
 10.94 11.99 19840420.
 10.98 12.08 19840428.
 11.19 12.26 19840504.
 11.52 12.59 19840512.
 11.68 12.78 19840518.
 11.84 12.93 19840524.
 12.10 13.25 19840600.
 11.92 12.99 19840608.
 12.02 13.08 19840616.
 12.15 13.24 19840622.
 12.28 13.46 19840628.
 12.17 13.38 19840706.
 12.10 13.19 19840712.
 12.03 13.06 19840720.
 11.90 12.86 19840728.
 11.84 12.63 19840804.
 11.80 12.44 19840810.
 11.73 12.45 19840816.
 11.80 12.46 19840824.
 11.97 12.60 19840832.
 11.95 12.63 19840908.
 11.61 12.34 19840914.
 11.41 12.19 19840920.
 11.42 12.27 19840928.
 11.39 12.26 19841004.
 11.16 12.06 19841012.
 10.93 11.88 19841020.
 10.46 11.48 19841026.
 10.31 11.33 19841102.
  9.98 11.06 19841108.
  9.99 11.05 19841116.
  9.64 10.75 19841124.
  9.55 10.67 19841130.
  9.63 10.80 19841208.
  9.49 10.71 19841214.
  9.09 10.32 19841220.
  9.10 10.39 19841228.
  9.19 10.58 19850104.
  9.04 10.51 19850112.
  9.05 10.49 19850118.
  8.90 10.25 19850124.
  9.03 10.34 19850200.
  9.18 10.42 19850208.
  9.19 10.40 19850216.
  9.30 10.56 19850222.
  9.61 10.91 19850300.
  9.89 11.07 19850308.
  9.91 11.08 19850316.
  9.97 11.13 19850322.
  9.68 10.93 19850328.
  9.54 10.84 19850404.
  9.32 10.66 19850412.
  8.95 10.28 19850420.
  8.89 10.29 19850426.
  8.92 10.32 19850504.
  8.73 10.06 19850510.
  8.52  9.75 19850516.
  8.22  9.43 19850524.
  8.09  9.36 19850532.
  7.80  8.97 19850608.
  7.85  9.06 19850614.
  7.66  8.90 19850620.
  7.91  9.27 19850628.
  7.66  8.98 19850704.
  7.73  8.96 19850712.
  7.82  9.13 19850720.
  8.03  9.41 19850726.
  8.14  9.51 19850802.
  8.15  9.46 19850808.
  8.07  9.28 19850816.
  7.95  9.18 19850824.
  7.97  9.22 19850830.
  8.04  9.36 19850906.
  8.20  9.51 19850912.
  8.11  9.43 19850920.
  7.88  9.17 19850928.
  7.96  9.25 19851004.
  8.06  9.35 19851012.
  8.01  9.25 19851018.
  8.03  9.21 19851024.
  7.97  9.13 19851100.
  7.91  9.00 19851108.
  7.89  8.94 19851116.
  7.85  8.78 19851122.
  7.87  8.75 19851128.
  7.90  8.75 19851206.
  7.65  8.41 19851212.
  7.57  8.23 19851220.
  7.59  8.24 19851228.
  7.63  8.25 19860104.
  7.74  8.39 19860110.
  7.86  8.57 19860116.
  7.73  8.46 19860124.
  7.62  8.29 19860132.
  7.63  8.21 19860208.
  7.69  8.17 19860214.
  7.62  8.10 19860220.
  7.52  7.91 19860228.
  7.22  7.51 19860308.
  7.03  7.26 19860314.
  7.01  7.29 19860320.
  6.89  7.19 19860328.
  6.67  7.03 19860404.
  6.41  6.82 19860412.
  6.21  6.59 19860418.
  6.46  6.94 19860424.
  6.56  7.07 19860502.
  6.49  6.98 19860508.
  6.65  7.28 19860516.
  6.74  7.45 19860524.
  6.79  7.47 19860530.
  7.00  7.74 19860606.
  6.85  7.57 19860612.
  6.61  7.25 19860620.
  6.54  7.14 19860628.
  6.36  6.99 19860704.
  6.29  6.92 19860712.
  6.18  6.73 19860718.
  6.25  6.82 19860724.
  6.27  6.89 19860800.
  6.16  6.75 19860808.
  6.01  6.55 19860816.
  5.85  6.35 19860822.
  5.67  6.25 19860828.
  5.66  6.35 19860904.
  5.79  6.64 19860912.
  5.81  6.71 19860920.
  5.80  6.71 19860926.
  5.79  6.65 19861004.
  5.57  6.43 19861010.
  5.73  6.59 19861016.
  5.82  6.66 19861024.
  5.74  6.57 19861032.
  5.76  6.48 19861108.
  5.89  6.55 19861114.
  5.79  6.44 19861120.
  5.77  6.39 19861128.
  5.78  6.37 19861204.
  5.83  6.38 19861212.
  5.90  6.45 19861220.
  5.92  6.46 19861226.
  5.97  6.54 19870102.
  5.80  6.38 19870108.
  5.76  6.39 19870116.
  5.69  6.37 19870124.
  5.82  6.46 19870130.
  5.92  6.53 19870206.
  6.05  6.65 19870212.
  5.98  6.57 19870220.
  5.90  6.52 19870228.
  5.94  6.52 19870306.
  6.06  6.56 19870312.
  5.99  6.53 19870320.
  6.07  6.63 19870328.
  6.18  6.86 19870404.
  6.26  6.98 19870410.
  6.60  7.40 19870416.
  6.67  7.57 19870424.
  6.76  7.71 19870500.
  6.88  7.87 19870508.
  7.03  8.00 19870516.
  7.20  8.27 19870522.
  6.95  8.01 19870528.
  6.91  8.00 19870604.
  6.80  7.89 19870612.
  6.73  7.68 19870620.
  6.77  7.72 19870626.
  6.71  7.72 19870704.
  6.61  7.65 19870710.
  6.53  7.65 19870716.
  6.71  7.77 19870724.
  6.88  7.91 19870732.
  6.96  8.02 19870808.
  6.93  7.93 19870814.
  7.01  7.98 19870820.
  7.16  8.13 19870828.
  7.41  8.41 19870904.
  7.72  8.70 19870912.
  7.65  8.64 19870918.
  7.70  8.71 19870924.
  7.88  8.89 19871002.
  8.10  9.10 19871008.
  8.33  9.43 19871016.
  7.22  8.54 19871024.
  6.73  8.01 19871030.
  6.87  7.96 19871106.
  6.96  7.96 19871112.
  7.01  7.98 19871120.
  7.02  8.05 19871128.
  7.02  8.04 19871204.
  7.24  8.21 19871212.
  7.23  8.17 19871218.
  7.19  8.12 19871224.
  7.15  8.08 19880100.
  7.15  8.05 19880108.
  7.12  7.99 19880116.
  6.90  7.80 19880122.
  6.77  7.63 19880128.
  6.65  7.42 19880204.
  6.59  7.34 19880212.
  6.70  7.42 19880220.
  6.63  7.35 19880226.
  6.63  7.33 19880304.
  6.72  7.45 19880312.
  6.63  7.44 19880318.
  6.77  7.60 19880324.
  6.78  7.66 19880400.
  7.01  7.78 19880408.
  6.92  7.75 19880416.
  7.03  7.88 19880422.
  7.07  7.92 19880428.
  7.23  8.06 19880506.
  7.33  8.19 19880512.
  7.40  8.26 19880520.
  7.58  8.40 19880528.
  7.59  8.34 19880604.
  7.46  8.20 19880610.
  7.40  8.13 19880616.
  7.53  8.26 19880624.
  7.52  8.21 19880700.
  7.62  8.27 19880708.
  7.79  8.45 19880716.
  7.79  8.51 19880722.
  7.85  8.56 19880728.
  7.89  8.52 19880804.
  8.17  8.76 19880812.
  8.27  8.85 19880820.
  8.28  8.89 19880826.
  8.24  8.79 19880902.
  8.09  8.56 19880908.
  8.01  8.52 19880916.
  8.07  8.54 19880924.
  8.18  8.62 19880930.
  8.13  8.48 19881008.
  8.07  8.44 19881014.
  8.12  8.43 19881020.
  8.13  8.42 19881028.
  8.10  8.38 19881104.
  8.35  8.61 19881112.
  8.55  8.77 19881118.
  8.71  8.94 19881124.
  8.75  8.98 19881202.
  8.89  9.01 19881208.
  9.10  9.17 19881216.
  9.00  9.12 19881224.
  9.07  9.20 19881230.
  9.17  9.30 19890106.
  9.11  9.27 19890112.
  8.96  9.14 19890120.
  8.97  9.11 19890128.
  9.05  9.14 19890204.
  9.15  9.24 19890210.
  9.27  9.36 19890216.
  9.41  9.42 19890224.
  9.40  9.43 19890304.
  9.39  9.43 19890310.
  9.56  9.61 19890316.
  9.78  9.82 19890324.
  9.71  9.74 19890332.
  9.47  9.47 19890408.
  9.48  9.53 19890414.
  9.28  9.35 19890420.
  9.22  9.26 19890428.
  9.16  9.18 19890504.
  9.05  9.08 19890512.
  8.89  8.90 19890520.
  8.86  8.82 19890526.
  8.80  8.71 19890602.
  8.40  8.33 19890608.
  8.45  8.38 19890616.
  8.53  8.45 19890624.
  8.28  8.20 19890630.
  7.97  7.94 19890708.
  7.85  7.80 19890714.
  7.96  7.89 19890720.
  7.86  7.77 19890728.
  7.73  7.66 19890804.
  8.12  8.01 19890812.
  8.30  8.23 19890818.
  8.36  8.33 19890824.
  8.32  8.37 19890900.
  8.27  8.29 19890908.
  8.07  8.11 19890916.
  8.18  8.19 19890922.
  8.38  8.42 19890928.
  8.35  8.32 19891006.
  8.00  8.00 19891012.
  7.85  7.94 19891020.
  7.81  7.86 19891028.
  7.89  7.92 19891104.
  7.87  7.89 19891110.
  7.71  7.74 19891116.
  7.64  7.69 19891124.
  7.73  7.76 19891200.
  7.73  7.77 19891208.
  7.73  7.74 19891216.
  7.66  7.72 19891222.
  7.80  7.90 19891228.
  7.82  7.93 19900104.
  7.78  7.95 19900112.
  7.97  8.19 19900120.
  8.01  8.28 19900126.
  8.09  8.38 19900202.
  8.13  8.38 19900208.
  8.05  8.30 19900216.
  8.19  8.49 19900224.
  8.14  8.44 19900302.
  8.34  8.60 19900308.
  8.42  8.70 19900316.
  8.35  8.63 19900324.
  8.34  8.63 19900330.
  8.29  8.62 19900406.
  8.29  8.61 19900412.
  8.41  8.80 19900420.
  8.57  9.02 19900428.
  8.56  9.01 19900504.
  8.36  8.73 19900512.
  8.24  8.60 19900518.
  8.22  8.58 19900524.
  8.18  8.50 19900600.
  8.08  8.38 19900608.
  8.05  8.36 19900616.
  8.14  8.44 19900622.
  8.13  8.42 19900628.
  8.06  8.33 19900706.
  8.09  8.39 19900712.
  7.87  8.23 19900720.
  7.85  8.21 19900728.
  7.67  8.01 19900804.
  7.70  8.15 19900810.
  7.73  8.15 19900816.
  7.93  8.38 19900824.
  7.85  8.33 19900832.
  7.74  8.24 19900908.
  7.75  8.24 19900914.
  7.77  8.25 19900920.
  7.79  8.33 19900928.
  7.58  8.07 19901004.
  7.62  8.18 19901012.
  7.58  8.10 19901020.
  7.50  7.99 19901026.
  7.41  7.95 19901102.
  7.35  7.81 19901108.
  7.30  7.70 19901116.
  7.29  7.69 19901124.
  7.30  7.68 19901130.
  7.24  7.57 19901208.
  7.08  7.40 19901214.
  6.96  7.42 19901220.
  6.95  7.49 19901228.
  6.78  7.34 19910104.
  6.71  7.41 19910112.
  6.62  7.43 19910118.
  6.58  7.35 19910124.
  6.51  7.29 19910200.
  6.23  7.01 19910208.
  6.20  6.98 19910216.
  6.30  7.12 19910222.
  6.40  7.27 19910300.
  6.48  7.36 19910308.
  6.32  7.26 19910316.
  6.41  7.42 19910322.
  6.34  7.36 19910328.
  6.26  7.25 19910404.
  6.22  7.24 19910412.
  6.26  7.21 19910420.
  6.25  7.25 19910426.
  6.11  7.16 19910504.
  6.13  7.13 19910510.
  6.13  7.13 19910516.
  6.15  7.12 19910524.
  6.13  7.07 19910532.
  6.30  7.29 19910608.
  6.40  7.44 19910614.
  6.37  7.41 19910620.
  6.36  7.42 19910628.
  6.40  7.42 19910704.
  6.30  7.44 19910712.
  6.32  7.38 19910720.
  6.29  7.35 19910726.
  6.18  7.21 19910802.
  5.88  6.92 19910808.
  5.72  6.77 19910816.
  5.62  6.66 19910824.
  5.74  6.70 19910830.
  5.70  6.66 19910906.
  5.58  6.56 19910912.
  5.56  6.48 19910920.
  5.50  6.38 19910928.
  5.40  6.26 19911004.
  5.36  6.23 19911012.
  5.33  6.21 19911018.
  5.39  6.30 19911024.
  5.15  6.12 19911100.
  5.00  5.99 19911108.
  4.96  5.95 19911116.
  4.82  5.84 19911122.
  4.74  5.81 19911128.
  4.61  5.63 19911206.
  4.44  5.46 19911212.
  4.35  5.38 19911220.
  4.17  5.17 19911228.
  4.14  5.14 19920104.
  4.06  5.12 19920110.
  4.17  5.45 19920116.
  4.14  5.47 19920124.
  4.23  5.65 19920132.
  4.19  5.61 19920208.
  4.19  5.61 19920214.
  4.37  5.82 19920220.
  4.41  5.86 19920228.
  4.55  6.00 19920306.
  4.64  6.14 19920312.
  4.73  6.33 19920320.
  4.64  6.26 19920328.
  4.50  6.09 19920404.
  4.25  5.81 19920410.
  4.14  5.77 19920416.
  4.32  6.02 19920424.
  4.34  6.02 19920500.
  4.25  5.92 19920508.
  4.12  5.75 19920516.
  4.12  5.73 19920522.
  4.27  5.83 19920528.
  4.27  5.77 19920604.
  4.18  5.67 19920612.
  4.12  5.55 19920620.
  4.14  5.49 19920626.
  3.96  5.33 19920704.
  3.64  4.99 19920710.
  3.53  4.87 19920716.
  3.53  4.80 19920724.
  3.57  4.83 19920732.
  3.54  4.84 19920808.
  3.43  4.69 19920814.
  3.40  4.59 19920820.
  3.52  4.79 19920828.
  3.39  4.58 19920904.
  3.17  4.35 19920912.
  3.15  4.40 19920918.
  3.16  4.44 19920924.
  3.02  4.26 19921002.
  3.09  4.34 19921008.
  3.26  4.56 19921016.
  3.48  4.89 19921024.
  3.50  4.93 19921030.
  3.58  5.03 19921106.
  3.64  5.09 19921112.
  3.73  5.17 19921120.
  3.76  5.24 19921128.
  3.82  5.35 19921204.
  3.72  5.19 19921212.
  3.76  5.25 19921218.
  3.64  5.14 19921224.
  3.62  5.13 19930100.
  3.60  5.06 19930108.
  3.50  4.98 19930116.
  3.47  4.91 19930122.
  3.41  4.78 19930128.
  3.41  4.70 19930204.
  3.45  4.71 19930212.
  3.36  4.51 19930220.
  3.31  4.38 19930226.
  3.30  4.28 19930304.
  3.39  4.47 19930312.
  3.36  4.46 19930320.
  3.30  4.39 19930326.
  3.32  4.43 19930402.
  3.31  4.38 19930408.
  3.21  4.26 19930416.
  3.18  4.23 19930424.
  3.25  4.30 19930430.
  3.23  4.24 19930508.
  3.27  4.30 19930514.
  3.40  4.48 19930520.
  3.55  4.60 19930528.
  3.58  4.58 19930604.
  3.61  4.65 19930612.
  3.49  4.50 19930618.
  3.53  4.50 19930624.
  3.42  4.37 19930702.
  3.42  4.36 19930708.
  3.41  4.34 19930716.
  3.53  4.49 19930724.
  3.57  4.54 19930730.
  3.55  4.53 19930806.
  3.48  4.44 19930812.
  3.41  4.34 19930820.
  3.37  4.22 19930828.
  3.34  4.16 19930904.
  3.32  4.09 19930910.
  3.38  4.19 19930916.
  3.39  4.22 19930924.
  3.35  4.17 19931000.
  3.35  4.15 19931008.
  3.36  4.09 19931016.
  3.40  4.17 19931022.
  3.46  4.28 19931028.
  3.56  4.47 19931104.
  3.55  4.48 19931112.
  3.58  4.49 19931120.
  3.61  4.56 19931126.
  3.62  4.54 19931204.
  3.60  4.51 19931210.
  3.61  4.57 19931216.
  3.60  4.54 19931224.
  3.61  4.53 19931232.
  3.63  4.59 19940108.
  3.52  4.43 19940114.
  3.51  4.45 19940120.
  3.51  4.44 19940128.
  3.66  4.57 19940204.
  3.85  4.81 19940212.
  3.88  4.85 19940218.
  4.01  5.03 19940224.
  4.16  5.19 19940304.
  4.28  5.32 19940312.
  4.31  5.37 19940318.
  4.36  5.45 19940324.
  4.46  5.62 19940400.
  4.71  5.92 19940408.
  4.70  5.91 19940416.
  4.90  6.09 19940422.
  4.99  6.08 19940428.
  5.23  6.30 19940506.
  5.49  6.54 19940512.
  5.23  6.20 19940520.
  5.29  6.30 19940528.
  5.31  6.29 19940604.
  5.16  6.13 19940610.
  5.18  6.21 19940616.
  5.30  6.32 19940624.
  5.47  6.46 19940700.
  5.49  6.50 19940708.
  5.49  6.53 19940716.
  5.41  6.39 19940722.
  5.51  6.48 19940728.
  5.41  6.36 19940804.
  5.60  6.58 19940812.
  5.63  6.53 19940820.
  5.61  6.52 19940826.
  5.56  6.45 19940902.
  5.62  6.55 19940908.
  5.72  6.65 19940916.
  5.85  6.78 19940924.
  5.92  6.87 19940930.
  6.07  7.02 19941008.
  6.04  6.95 19941014.
  6.10  7.01 19941020.
  6.22  7.16 19941028.
  6.28  7.24 19941104.
  6.42  7.38 19941112.
  6.58  7.45 19941118.
  6.63  7.50 19941124.
  6.89  7.62 19941202.
  7.10  7.64 19941208.
  7.20  7.73 19941216.
  7.12  7.74 19941224.
  7.21  7.79 19941230.
  7.24  7.81 19950106.
  7.12  7.73 19950112.
  7.02  7.65 19950120.
  6.95  7.60 19950128.
  6.88  7.41 19950204.
  6.79  7.39 19950210.
  6.70  7.28 19950216.
  6.54  7.07 19950224.
  6.47  6.95 19950304.
  6.54  7.04 19950310.
  6.39  6.81 19950316.
  6.37  6.83 19950324.
  6.38  6.84 19950332.
  6.38  6.80 19950408.
  6.28  6.72 19950414.
  6.17  6.58 19950420.
  6.24  6.64 19950428.
  6.16  6.54 19950504.
  6.00  6.27 19950512.
  5.98  6.25 19950520.
  5.92  6.14 19950526.
  5.71  5.83 19950602.
  5.69  5.83 19950608.
  5.66  5.83 19950616.
  5.59  5.73 19950624.
  5.65  5.83 19950630.
  5.53  5.74 19950708.
  5.47  5.70 19950714.
  5.64  5.97 19950720.
  5.72  6.07 19950728.
  5.68  6.06 19950804.
  5.71  6.07 19950812.
  5.86  6.21 19950818.
  5.81  6.15 19950824.
  5.66  5.96 19950900.
  5.63  5.88 19950908.
  5.59  5.84 19950916.
  5.57  5.87 19950922.
  5.69  5.97 19950928.
  5.61  5.84 19951006.
  5.60  5.79 19951012.
  5.59  5.74 19951020.
  5.58  5.75 19951028.
  5.48  5.64 19951104.
  5.45  5.62 19951110.
  5.43  5.58 19951116.
  5.44  5.56 19951124.
  5.39  5.47 19951200.
  5.35  5.38 19951208.
  5.35  5.42 19951216.
  5.30  5.43 19951222.
  5.21  5.29 19951228.
  5.18  5.26 19960104.
  5.17  5.29 19960112.
  5.03  5.13 19960120.
  5.05  5.18 19960126.
  4.93  5.10 19960202.
  4.85  5.03 19960208.
  4.81  4.94 19960216.
  5.04  5.28 19960224.
  5.14  5.44 19960300.
  5.15  5.52 19960308.
  5.41  5.90 19960316.
  5.44  5.91 19960322.
  5.42  5.89 19960328.
  5.48  5.97 19960404.
  5.62  6.23 19960412.
  5.51  6.11 19960420.
  5.52  6.10 19960426.
  5.63  6.24 19960504.
  5.67  6.33 19960510.
  5.59  6.21 19960516.
  5.59  6.20 19960524.
  5.70  6.34 19960532.
  5.78  6.44 19960608.
  5.86  6.56 19960614.
  5.82  6.50 19960620.
  5.79  6.44 19960628.
  5.82  6.43 19960704.
  5.90  6.53 19960712.
  5.80  6.40 19960720.
  5.85  6.44 19960726.
  5.80  6.34 19960802.
  5.60  6.12 19960808.
  5.62  6.13 19960816.
  5.64  6.18 19960824.
  5.81  6.41 19960830.
  5.95  6.55 19960906.
  5.88  6.45 19960912.
  5.82  6.40 19960920.
  5.72  6.29 19960928.
  5.61  6.16 19961004.
  5.57  6.10 19961012.
  5.55  6.08 19961018.
  5.56  6.09 19961024.
  5.48  5.97 19961100.
  5.44  5.89 19961108.
  5.41  5.81 19961116.
  5.42  5.79 19961122.
  5.41  5.75 19961128.
  5.42  5.77 19961206.
  5.46  5.89 19961212.
  5.51  5.98 19961220.
  5.50  5.97 19961228.
  5.55  6.06 19970104.
  5.61  6.15 19970110.
  5.61  6.15 19970116.
  5.61  6.17 19970124.
  5.62  6.17 19970132.
  5.53  6.03 19970208.
  5.49  5.99 19970214.
  5.47  5.96 19970220.
  5.60  6.15 19970228.
  5.70  6.27 19970308.
  5.72  6.30 19970314.
  5.81  6.42 19970320.
  5.94  6.52 19970328.
  5.99  6.58 19970404.
  5.99  6.62 19970412.
  5.98  6.63 19970418.
  6.01  6.64 19970424.
  5.93  6.48 19970502.
  5.90  6.44 19970508.
  5.86  6.40 19970516.
  5.85  6.41 19970524.
  5.86  6.44 19970530.
  5.76  6.32 19970606.
  5.72  6.27 19970612.
  5.65  6.16 19970620.
  5.65  6.20 19970628.
  5.63  6.17 19970704.
  5.54  6.03 19970712.
  5.56  6.02 19970718.
  5.54  5.97 19970724.
  5.48  5.90 19970800.
  5.55  6.06 19970808.
  5.59  6.08 19970816.
  5.54  6.01 19970822.
  5.59  6.11 19970828.
  5.58  6.08 19970904.
  5.59  6.08 19970912.
  5.48  5.91 19970920.
  5.47  5.89 19970926.
  5.45  5.84 19971004.
  5.45  5.82 19971010.
  5.52  5.91 19971016.
  5.53  5.93 19971024.
  5.35  5.73 19971032.
  5.44  5.77 19971108.
  5.44  5.76 19971114.
  5.46  5.73 19971120.
  5.50  5.77 19971128.
  5.54  5.79 19971204.
  5.53  5.78 19971212.
  5.49  5.69 19971220.
  5.55  5.71 19971226.
  5.52  5.70 19980102.
  5.25  5.37 19980108.
  5.18  5.28 19980116.
  5.22  5.36 19980124.
  5.28  5.43 19980130.
  5.26  5.38 19980206.
  5.28  5.41 19980212.
  5.28  5.38 19980220.
  5.42  5.55 19980228.
  5.43  5.62 19980306.
  5.37  5.53 19980312.
  5.36  5.50 19980320.
  5.39  5.59 19980328.
  5.36  5.57 19980404.
  5.30  5.50 19980410.
  5.39  5.56 19980416.
  5.40  5.61 19980424.
  5.45  5.69 19980500.
  5.43  5.62 19980508.
  5.46  5.64 19980516.
  5.45  5.60 19980522.
  5.43  5.56 19980528.
  5.42  5.55 19980604.
  5.42  5.52 19980612.
  5.40  5.49 19980620.
  5.41  5.52 19980626.
  5.38  5.49 19980704.
  5.34  5.44 19980710.
  5.36  5.48 19980716.
  5.36  5.47 19980724.
  5.37  5.48 19980732.
  5.31  5.39 19980808.
  5.23  5.31 19980814.
  5.24  5.29 19980820.
  5.10  5.05 19980828.
  4.91  4.84 19980904.
  4.76  4.67 19980912.
  4.76  4.65 19980918.
  4.61  4.51 19980924.
  4.41  4.26 19981002.
  4.18  4.18 19981008.
  4.14  4.22 19981016.
  4.01  4.15 19981024.
  4.10  4.20 19981030.
  4.46  4.50 19981106.
  4.52  4.57 19981112.
  4.54  4.60 19981120.
  4.59  4.64 19981128.
  4.46  4.42 19981204.
  4.49  4.43 19981212.
  4.47  4.41 19981218.
  4.63  4.64 19981224.
  4.59  4.60 19990100.
  4.55  4.63 19990108.
  4.51  4.61 19990116.
  4.49  4.62 19990122.
  4.51  4.58 19990128.
  4.61  4.75 19990204.
  4.67  4.83 19990212.
  4.71  4.95 19990220.
  4.82  5.09 19990226.
  4.89  5.25 19990304.
  4.77  5.10 19990312.
  4.74  5.03 19990320.
  4.75  5.07 19990326.
  4.72  5.06 19990402.
  4.66  4.96 19990408.
  4.67  5.01 19990416.
  4.70  5.06 19990424.
  4.73  5.10 19990430.
  4.78  5.21 19990508.
  4.79  5.27 19990514.
  4.89  5.42 19990520.
  4.93  5.43 19990528.
  5.08  5.63 19990604.
  5.12  5.70 19990612.
  5.03  5.67 19990618.
  5.14  5.77 19990624.
  5.11  5.68 19990702.
  5.06  5.70 19990708.
  5.01  5.57 19990716.
  4.98  5.55 19990724.
  5.07  5.65 19990730.
  5.13  5.73 19990806.
  5.23  5.87 19990812.
  5.20  5.75 19990820.
  5.19  5.69 19990828.
  5.29  5.80 19990904.
  5.28  5.78 19990910.
