   0.050   0.080
   0.050  -0.030
  -0.030  -0.030
   0.030   0.030
  -0.040   0.000
  -0.050   0.020
  -0.060  -0.020
  -0.130  -0.090
   0.000  -0.050
   0.000  -0.050
  -0.150  -0.110
   0.020  -0.030
  -0.050  -0.050
   0.040   0.060
  -0.020   0.030
   0.070   0.060
   0.010   0.000
  -0.060  -0.050
   0.030   0.030
   0.010  -0.010
  -0.060  -0.050
  -0.020  -0.020
  -0.020   0.010
   0.070   0.070
   0.120   0.120
   0.080   0.060
   0.030   0.050
   0.020   0.060
  -0.030  -0.010
  -0.020  -0.020
  -0.060  -0.020
  -0.070  -0.070
  -0.070  -0.060
   0.010  -0.040
   0.040   0.020
  -0.020  -0.070
  -0.010  -0.020
  -0.040  -0.010
  -0.070  -0.050
   0.020   0.010
   0.000  -0.030
   0.040   0.020
   0.000   0.000
   0.000   0.000
   0.030   0.010
   0.030   0.020
   0.000   0.020
   0.000  -0.010
  -0.040  -0.030
  -0.040   0.010
   0.000   0.010
   0.050   0.030
  -0.010  -0.010
  -0.020  -0.020
   0.070   0.050
  -0.010  -0.010
  -0.030  -0.050
   0.000   0.000
  -0.020   0.010
   0.040   0.020
  -0.010  -0.040
   0.000   0.010
   0.010   0.050
   0.040   0.050
  -0.010  -0.020
   0.020   0.020
   0.060   0.040
   0.020  -0.010
  -0.010  -0.020
  -0.010  -0.020
   0.000   0.000
   0.010   0.030
   0.060   0.070
   0.040   0.040
  -0.030  -0.050
   0.010   0.010
   0.000   0.000
   0.070   0.100
   0.080   0.210
   0.020   0.050
   0.010  -0.040
  -0.030  -0.020
  -0.010   0.010
   0.020   0.030
   0.000   0.020
   0.020   0.030
   0.020   0.000
   0.000  -0.010
   0.020   0.010
  -0.010  -0.020
   0.000   0.030
   0.020   0.020
   0.020   0.030
   0.030   0.050
   0.030  -0.010
   0.040   0.070
   0.000   0.020
  -0.020  -0.040
   0.000   0.000
   0.030   0.050
   0.020   0.020
   0.050   0.030
   0.010   0.010
   0.010   0.000
   0.000  -0.030
  -0.020  -0.020
  -0.020  -0.020
  -0.010   0.010
  -0.030  -0.040
   0.000   0.010
   0.020   0.030
   0.040   0.080
   0.040   0.050
   0.010  -0.010
   0.030   0.000
   0.070   0.040
  -0.010   0.010
  -0.020  -0.020
   0.000   0.000
  -0.020  -0.040
  -0.030  -0.040
  -0.030   0.010
  -0.070  -0.040
   0.030   0.020
  -0.010   0.000
  -0.010   0.000
   0.000   0.010
   0.000   0.000
  -0.030  -0.030
  -0.030  -0.030
  -0.030  -0.040
  -0.020  -0.080
   0.030   0.040
  -0.010  -0.010
  -0.010   0.000
   0.020   0.040
  -0.010   0.010
   0.010   0.020
   0.040   0.060
   0.040   0.030
   0.000  -0.010
  -0.020  -0.030
   0.010   0.020
   0.020   0.020
   0.010   0.010
  -0.020   0.000
  -0.010   0.000
   0.000  -0.010
  -0.020  -0.010
   0.020   0.010
   0.110   0.170
   0.000   0.040
  -0.050  -0.040
  -0.010  -0.040
   0.010   0.020
   0.010   0.000
  -0.030  -0.070
  -0.020   0.000
  -0.020   0.000
   0.020   0.000
   0.020   0.040
   0.030   0.040
   0.010   0.020
   0.020   0.040
   0.030   0.020
   0.020  -0.020
  -0.030  -0.040
  -0.020   0.000
   0.010   0.000
  -0.010   0.000
   0.000  -0.010
   0.020   0.010
  -0.010   0.000
  -0.020  -0.010
   0.020  -0.010
   0.000   0.010
  -0.020   0.010
   0.000  -0.010
   0.000   0.000
  -0.010  -0.030
  -0.050  -0.060
   0.020   0.020
   0.020   0.020
   0.010   0.000
   0.000   0.000
   0.010   0.020
   0.030   0.030
   0.020   0.020
   0.020   0.020
   0.010   0.030
   0.040   0.040
   0.010   0.010
  -0.020   0.020
   0.030   0.050
   0.070   0.130
  -0.010  -0.060
   0.000  -0.030
   0.040   0.030
   0.020   0.030
   0.080   0.050
   0.040   0.010
  -0.030  -0.020
   0.000   0.030
   0.060   0.020
   0.180   0.200
   0.140   0.120
   0.040   0.080
   0.080   0.100
   0.000  -0.010
  -0.080  -0.030
   0.010  -0.010
   0.030   0.010
   0.050   0.010
   0.050   0.040
   0.050   0.050
   0.000   0.020
  -0.020   0.020
  -0.020   0.000
  -0.060  -0.010
  -0.050  -0.080
   0.000  -0.010
  -0.080  -0.040
   0.040   0.040
   0.030  -0.010
   0.050   0.010
   0.030   0.020
  -0.040  -0.040
   0.020   0.010
   0.130   0.100
  -0.010   0.030
   0.000   0.000
  -0.070  -0.040
  -0.040  -0.120
   0.170   0.090
   0.040   0.110
   0.110   0.130
  -0.020   0.020
   0.020  -0.010
   0.040   0.020
   0.110   0.100
   0.270   0.260
   0.280   0.200
  -0.020   0.100
  -0.190  -0.090
   0.050   0.110
   0.080  -0.030
  -0.280  -0.200
  -0.120  -0.060
   0.040  -0.020
  -0.070  -0.020
  -0.060  -0.040
   0.060   0.000
   0.070   0.070
   0.030  -0.020
  -0.060  -0.100
  -0.050  -0.040
  -0.010  -0.010
  -0.240  -0.240
  -0.250  -0.160
  -0.030  -0.030
  -0.040  -0.080
  -0.100  -0.160
  -0.110  -0.080
   0.000   0.000
  -0.070  -0.080
   0.030   0.020
   0.140   0.130
   0.040   0.070
  -0.120  -0.140
  -0.090  -0.130
  -0.160  -0.260
  -0.120  -0.100
  -0.010  -0.050
  -0.030  -0.040
   0.010  -0.020
   0.080   0.020
   0.100   0.000
   0.040   0.020
   0.070   0.010
   0.020   0.010
   0.060   0.030
  -0.100   0.010
   0.080   0.040
   0.270   0.220
   0.080   0.100
   0.050   0.240
   0.000   0.210
  -0.050  -0.060
   0.050   0.040
   0.050   0.120
  -0.030  -0.010
   0.100   0.040
   0.030  -0.030
   0.120   0.040
   0.020   0.040
  -0.010  -0.010
   0.060   0.040
   0.050   0.060
   0.010   0.040
  -0.020  -0.010
   0.040   0.030
   0.060   0.080
   0.020   0.010
   0.100   0.070
   0.140   0.140
  -0.070  -0.020
  -0.060   0.030
  -0.010   0.000
   0.030   0.070
   0.020  -0.010
  -0.030   0.000
   0.060   0.040
  -0.120  -0.110
  -0.130  -0.170
   0.020  -0.110
   0.030   0.020
   0.000  -0.020
   0.080   0.080
  -0.040  -0.030
   0.030   0.010
   0.050   0.030
   0.060   0.030
   0.190   0.160
  -0.100   0.030
  -0.010  -0.060
  -0.220  -0.100
  -0.050   0.040
   0.210   0.180
   0.210   0.190
   0.040   0.100
   0.050   0.040
   0.090   0.080
   0.150   0.190
  -0.230  -0.170
  -0.170  -0.110
  -0.010   0.000
  -0.150  -0.100
   0.070  -0.020
  -0.110  -0.080
  -0.110  -0.140
   0.000  -0.010
  -0.160  -0.190
   0.030  -0.080
  -0.030  -0.040
   0.030   0.100
   0.000  -0.010
  -0.050  -0.030
  -0.030  -0.010
   0.080   0.070
  -0.070  -0.070
   0.020  -0.010
   0.050   0.040
   0.080   0.110
   0.000   0.000
   0.020   0.020
   0.020   0.070
   0.000   0.060
   0.010   0.030
   0.010   0.020
   0.010  -0.010
   0.300   0.200
   0.130   0.060
   0.210   0.220
   0.210   0.270
  -0.090  -0.070
   0.020   0.050
  -0.200  -0.200
  -0.070  -0.070
   0.100   0.100
   0.060   0.090
  -0.030  -0.020
   0.120   0.020
   0.080   0.020
   0.060   0.010
  -0.090  -0.100
  -0.040  -0.030
  -0.070  -0.040
  -0.030  -0.020
   0.000   0.000
  -0.040   0.000
   0.010   0.030
   0.120   0.010
   0.040   0.050
   0.070   0.080
   0.120   0.000
   0.100   0.160
   0.050   0.210
   0.030   0.300
   0.010  -0.180
   0.220   0.350
   0.290   0.430
   0.020  -0.010
  -0.050  -0.150
   0.110   0.000
  -0.010   0.050
  -0.120  -0.100
   0.110   0.100
  -0.100  -0.130
   0.120   0.180
   0.140   0.110
   0.180   0.060
   0.130   0.010
   0.090   0.020
   0.170   0.140
  -0.230  -0.150
  -0.350  -0.220
  -0.240  -0.210
   0.150   0.150
   0.080   0.140
   0.130   0.120
   0.170   0.210
  -0.070   0.030
   0.040  -0.020
   0.300   0.140
   0.130   0.010
   0.060   0.040
   0.190   0.130
  -0.080  -0.160
  -0.160  -0.180
  -0.060   0.040
   0.130   0.110
  -0.210  -0.210
  -0.160  -0.220
  -0.190  -0.290
  -0.240  -0.220
  -0.230  -0.160
  -0.060  -0.070
   0.060   0.050
  -0.270  -0.240
   0.140   0.070
   0.050  -0.050
   0.170   0.060
   0.250   0.310
   0.240   0.470
   0.100   0.070
   0.030   0.060
   0.000  -0.060
   0.030   0.060
  -0.230  -0.210
   0.100   0.010
   0.080   0.020
  -0.060  -0.100
  -0.140  -0.140
  -0.130  -0.130
  -0.050  -0.170
  -0.010  -0.040
   0.010   0.010
   0.000   0.040
   0.030   0.100
  -0.100  -0.150
  -0.170  -0.310
   0.030   0.120
  -0.040   0.030
  -0.180  -0.080
  -0.210  -0.230
   0.070   0.050
  -0.030  -0.080
   0.000  -0.090
   0.090  -0.040
  -0.110  -0.090
  -0.210  -0.190
  -0.140  -0.240
  -0.430  -0.610
  -0.410  -0.260
  -0.060   0.040
   0.020   0.050
   0.040  -0.150
   0.130   0.010
  -0.030   0.010
   0.090   0.020
  -0.220  -0.300
  -0.250  -0.330
  -0.100  -0.090
  -0.040  -0.090
  -0.150  -0.210
  -0.210  -0.250
  -0.090  -0.030
  -0.080   0.040
  -0.300  -0.140
  -0.150   0.020
   0.060   0.110
   0.210   0.240
   0.200   0.120
   0.350   0.190
   0.270   0.050
   0.220   0.340
   0.240   0.210
   0.060   0.100
   0.190   0.240
  -0.210  -0.080
  -0.090  -0.070
   0.320   0.350
   0.370   0.410
  -0.070   0.050
   0.280   0.320
  -0.040  -0.120
  -0.070  -0.230
   0.170   0.200
   0.090   0.170
  -0.050   0.010
  -0.020   0.010
  -0.850  -0.710
   0.050  -0.040
  -0.180  -0.130
   0.040   0.050
   0.060   0.080
   0.010  -0.030
  -0.110  -0.110
  -0.080  -0.210
  -0.210  -0.220
  -0.050  -0.050
  -0.100  -0.190
  -0.110  -0.090
   0.070   0.120
  -0.060  -0.090
   0.180   0.160
  -0.100  -0.040
  -0.060  -0.050
  -0.010  -0.030
   0.000  -0.030
  -0.150  -0.160
   0.020  -0.040
  -0.160  -0.270
   0.090   0.080
   0.140   0.110
   0.080   0.070
  -0.040  -0.130
  -0.090  -0.110
   0.020   0.100
   0.030   0.020
   0.080   0.070
   0.370   0.450
  -0.010   0.040
   0.110   0.180
   0.170   0.150
  -0.010  -0.050
  -0.060  -0.190
  -0.180  -0.290
  -0.110  -0.040
   0.010   0.060
  -0.050   0.030
  -0.100  -0.080
   0.020   0.080
   0.070   0.160
   0.040   0.010
   0.100   0.100
   0.090   0.150
   0.000  -0.030
   0.010  -0.040
  -0.010  -0.130
  -0.010  -0.040
  -0.040  -0.050
   0.000   0.010
   0.010   0.010
   0.070   0.250
   0.170   0.300
   0.100   0.070
   0.000   0.050
  -0.040   0.030
   0.010   0.060
  -0.020   0.000
   0.010  -0.070
   0.040   0.000
  -0.040  -0.090
  -0.030  -0.060
  -0.060  -0.110
  -0.040  -0.070
   0.020   0.050
   0.030   0.100
   0.000   0.090
   0.010   0.040
   0.070   0.090
   0.060   0.070
   0.050   0.060
   0.040   0.080
   0.060   0.110
   0.100   0.140
   0.130   0.120
   0.040   0.010
  -0.030  -0.120
   0.160   0.160
   0.090   0.230
   0.090   0.210
   0.070   0.260
   0.040   0.130
  -0.130  -0.030
   0.000   0.010
  -0.110  -0.190
   0.070  -0.060
   0.050   0.030
   0.020   0.040
  -0.030  -0.060
   0.000   0.010
   0.050   0.250
  -0.010   0.130
  -0.060   0.060
  -0.020  -0.020
   0.040   0.090
   0.160   0.240
   0.240   0.520
   0.110   0.070
   0.210   0.290
   0.300   0.310
   0.240   0.180
   0.210   0.280
  -0.320  -0.290
  -0.250  -0.230
  -0.230  -0.160
  -0.090  -0.110
   0.120   0.200
  -0.300  -0.190
  -0.290  -0.530
  -0.020  -0.200
  -0.130  -0.240
   0.000  -0.050
   0.010  -0.170
   0.060   0.050
   0.270   0.470
   0.080   0.160
  -0.240  -0.410
  -0.140  -0.220
   0.100   0.190
  -0.140  -0.200
  -0.040  -0.170
   0.100   0.240
   0.020   0.000
   0.060   0.070
   0.050   0.100
   0.120   0.050
  -0.140  -0.310
  -0.220  -0.430
  -0.030   0.010
   0.060   0.040
   0.170   0.260
   0.140   0.190
   0.090   0.130
   0.360   0.630
   0.230   0.290
   0.250   0.120
   0.050   0.110
  -0.050   0.000
   0.090   0.130
   0.250   0.290
   0.220   0.190
  -0.290  -0.430
  -0.170  -0.300
  -0.010   0.080
   0.020   0.090
   0.000   0.000
   0.000  -0.030
   0.190   0.220
   0.170   0.220
   0.200  -0.040
  -0.290  -0.390
  -0.260  -0.120
   0.480   0.540
  -0.010   0.050
  -0.020   0.010
   0.160   0.440
   0.050   0.300
  -0.120  -0.240
  -0.130  -0.500
  -0.140  -0.410
  -0.200  -0.270
  -0.030  -0.100
  -0.160  -0.340
  -0.010   0.120
  -0.070  -0.200
   0.070   0.110
  -0.170  -0.200
  -0.190  -0.210
  -0.130  -0.040
  -0.010   0.080
  -0.050  -0.080
  -0.270  -0.310
  -0.090  -0.140
   0.180   0.230
   0.080  -0.040
  -0.090  -0.280
   0.050   0.010
  -0.030  -0.320
  -0.180  -0.260
  -0.320  -0.510
  -0.010   0.140
  -0.290  -0.210
   0.160   0.220
   0.030  -0.020
   0.020  -0.060
   0.200   0.090
   0.150   0.150
   0.440   0.410
   0.280   0.320
  -0.040  -0.140
   0.200   0.190
  -0.040  -0.130
  -0.270  -0.280
  -0.280  -0.310
  -0.090  -0.090
   0.050   0.050
  -0.090  -0.060
  -0.270  -0.310
   0.160   0.310
   0.390   0.540
   0.120   0.180
   0.010   0.040
   0.060   0.010
   0.160   0.330
   0.130   0.080
   0.170   0.250
   0.080   0.100
   0.080   0.070
  -0.180  -0.090
   0.000  -0.090
   0.230   0.080
   0.120   0.180
  -0.210  -0.130
   0.040  -0.050
  -0.240  -0.450
  -0.110  -0.250
  -0.270  -0.270
  -0.240  -0.290
  -0.110  -0.140
   0.020   0.080
   0.270   0.200
   0.000   0.100
  -0.040   0.070
   0.100   0.130
  -0.210  -0.230
  -0.190  -0.330
  -0.130  -0.140
  -0.100  -0.220
  -0.080  -0.190
   0.060  -0.030
  -0.020  -0.060
   0.020   0.140
   0.110   0.000
  -0.010   0.140
  -0.050   0.060
   0.250   0.370
  -0.140  -0.160
  -0.030   0.000
  -0.130  -0.170
   0.050   0.060
  -0.170  -0.160
  -0.180  -0.210
   0.040   0.090
   0.170   0.180
   0.090   0.070
   0.180   0.200
   0.200   0.250
   0.140   0.150
  -0.070   0.000
  -0.120  -0.170
  -0.050  -0.040
  -0.040  -0.030
   0.030   0.010
  -0.100  -0.180
  -0.140  -0.160
   0.130   0.090
  -0.100  -0.100
  -0.100  -0.010
  -0.100  -0.080
  -0.030  -0.020
  -0.020  -0.070
  -0.060  -0.020
  -0.040  -0.020
  -0.050  -0.020
  -0.050  -0.110
  -0.020   0.040
  -0.260  -0.170
  -0.310  -0.250
   0.130   0.030
   0.200   0.090
  -0.040  -0.050
   0.020   0.060
  -0.220  -0.180
  -0.320  -0.280
  -0.140  -0.130
   0.020   0.010
   0.020  -0.020
  -0.020  -0.050
   0.040   0.010
   0.120   0.150
   0.370   0.200
   0.130   0.160
   0.150   0.120
   0.060   0.070
  -0.150  -0.170
  -0.040  -0.030
   0.160   0.170
  -0.020   0.010
   0.010  -0.030
  -0.040  -0.030
  -0.020   0.000
   0.010  -0.040
   0.000  -0.020
  -0.230  -0.040
   0.010   0.020
   0.130   0.130
   0.130   0.130
   0.090   0.200
  -0.010   0.060
  -0.010  -0.020
  -0.070  -0.050
  -0.030  -0.030
  -0.110  -0.030
   0.000  -0.010
  -0.030  -0.070
   0.080   0.090
   0.070   0.070
   0.080   0.110
   0.060   0.090
   0.130   0.160
   0.070   0.100
   0.040   0.140
  -0.070  -0.060
  -0.060  -0.070
   0.030   0.060
   0.090   0.160
   0.020  -0.020
   0.080   0.080
   0.030   0.160
   0.210   0.260
   0.100   0.020
   0.000  -0.110
   0.040   0.090
  -0.080  -0.060
  -0.070  -0.070
   0.020  -0.010
   0.030   0.000
   0.050   0.030
   0.000   0.000
   0.060   0.030
   0.060   0.040
   0.010   0.020
   0.310   0.400
  -0.050  -0.090
  -0.010  -0.040
  -0.070  -0.020
   0.040   0.030
   0.090   0.070
   0.030   0.000
  -0.030  -0.040
  -0.020  -0.050
  -0.050  -0.010
   0.010  -0.030
   0.140   0.140
   0.030   0.040
  -0.010  -0.030
   0.020   0.020
   0.120   0.150
   0.040   0.110
   0.070   0.100
   0.010   0.080
   0.080   0.070
   0.040  -0.010
  -0.030  -0.030
   0.030   0.140
   0.210   0.190
   0.110   0.100
   0.000   0.020
   0.050   0.080
  -0.010   0.000
   0.000  -0.030
  -0.190  -0.160
  -0.150  -0.100
   0.160   0.250
  -0.020   0.020
   0.020   0.070
  -0.020  -0.010
  -0.010   0.100
   0.110   0.160
   0.040   0.090
   0.010   0.070
  -0.030   0.050
   0.100   0.240
   0.120   0.070
   0.430   0.710
  -0.020   0.210
  -0.150  -0.270
   0.010   0.030
   0.200   0.190
  -0.040   0.030
   0.070  -0.020
   0.330   0.370
   0.070   0.050
  -0.010  -0.030
   0.020   0.000
  -0.010  -0.010
  -0.170  -0.190
  -0.270  -0.180
   0.050   0.060
   0.080   0.000
   0.110   0.140
   0.060   0.030
  -0.060  -0.060
   0.000   0.010
  -0.010  -0.090
  -0.050  -0.110
   0.010  -0.020
   0.120   0.150
  -0.020  -0.200
   0.030   0.080
   0.070   0.180
   0.000  -0.030
  -0.090  -0.180
  -0.180  -0.140
  -0.080  -0.070
  -0.130  -0.140
  -0.160  -0.260
   0.090   0.130
  -0.180  -0.220
  -0.030   0.050
   0.100   0.090
   0.080   0.170
   0.090   0.120
  -0.040  -0.100
  -0.030   0.000
   0.080   0.230
   0.140   0.190
   0.200   0.140
   0.280   0.470
  -0.020   0.160
   0.060  -0.020
  -0.010  -0.080
   0.140   0.210
   0.800   1.480
   0.360   0.180
   0.820   0.630
  -0.190  -0.400
  -0.080   0.030
  -0.440  -0.630
   0.190   0.140
  -0.670  -0.690
  -0.030   0.170
   0.250   0.350
  -0.180  -0.370
   0.030  -0.070
   0.040   0.180
  -0.060  -0.120
   0.090   0.020
   0.180   0.190
   0.280   0.250
   0.590   0.440
   0.290   0.420
   1.530   1.490
   0.420   0.530
   0.200   0.530
  -0.440  -0.090
   0.030  -0.100
   0.450   0.670
  -0.670  -0.510
  -0.730  -1.060
  -1.100  -1.470
  -0.580  -1.350
  -0.740  -0.920
  -0.920  -1.170
  -0.130  -0.330
  -0.210  -0.420
  -0.090  -0.340
   0.090  -0.120
  -0.450  -0.670
  -0.140  -0.020
   0.320   0.360
   0.190   0.280
   0.010   0.030
   0.030   0.030
   0.040   0.010
   0.490   0.550
   0.180   0.220
   0.280   0.360
   0.880   1.080
   0.460   0.490
  -0.600  -0.540
   0.260   0.380
   0.560   0.530
   0.320   0.420
  -0.090   0.210
  -0.430  -0.290
   0.110  -0.010
   0.430   0.580
   0.740   0.950
   0.450   0.460
  -0.280  -0.360
   0.340   0.590
   0.290   0.610
   0.150   0.370
   0.330   0.340
   0.070  -0.080
  -1.260  -1.620
  -0.100   0.040
  -0.090  -0.180
   0.190   0.230
   0.410   0.610
  -0.190  -0.280
   0.280   0.170
   0.450   0.510
  -0.330  -0.420
   0.270   0.000
   0.150   0.190
  -0.400  -0.770
  -0.490  -0.960
   0.510   0.550
  -0.170  -0.310
   0.490   0.780
   0.180   0.290
   0.260   0.430
   0.240   0.410
   0.780   1.250
   0.010   0.270
  -0.310  -0.190
  -0.500  -1.000
  -0.130  -0.220
  -0.260  -0.490
  -0.010  -0.060
   0.240   0.190
   0.190   0.080
   0.180   0.330
   0.100   0.070
   0.750   1.020
  -0.060  -0.230
   0.330   0.430
  -0.210  -0.110
   0.310   0.290
   0.410   0.330
   0.080   0.080
  -0.050  -0.220
  -0.450  -0.800
   0.010  -0.080
   0.380   0.470
  -0.770  -0.990
  -0.380  -0.390
   0.290   0.200
  -0.160  -0.320
  -1.170  -1.190
  -1.100  -1.320
  -0.350  -0.630
  -0.050  -0.180
   0.390   0.300
   0.400   0.320
   0.100   0.470
   0.590   0.770
  -0.060   0.120
   0.230   0.120
   0.410   0.590
   0.190   0.330
  -0.350  -0.350
   0.270   0.480
   0.210   0.260
  -0.170  -0.080
  -0.620  -0.950
  -0.300  -0.370
  -0.020   0.020
   0.250   0.350
  -0.010  -0.070
   0.290   0.310
  -0.110  -0.120
  -0.150  -0.130
  -0.120  -0.210
  -0.070  -0.110
  -0.070  -0.040
  -0.220  -0.220
  -0.020  -0.310
   0.000  -0.180
   0.280   0.460
   0.090   0.130
   0.490   0.630
   0.380   0.400
  -0.140  -0.210
  -0.320  -0.430
  -0.410  -0.520
  -0.550  -0.960
   0.190   0.230
  -0.460  -0.410
  -0.020  -0.090
  -1.170  -1.600
  -0.070   0.000
   0.250   0.490
  -0.090  -0.070
   0.070   0.050
  -0.270  -0.430
  -0.360  -0.330
  -0.410  -0.290
  -0.920  -1.230
   0.010   0.070
   0.240   0.370
  -0.560  -0.230
   0.000   0.160
   0.050   0.040
  -0.090  -0.160
   0.120   0.190
  -0.090  -0.200
  -0.110  -0.230
   0.040  -0.030
  -0.090  -0.050
  -0.140  -0.130
  -0.200  -0.210
   0.100   0.150
   0.320   0.270
   0.130   0.150
   0.060   0.080
  -0.110  -0.080
  -0.290  -0.310
  -0.180  -0.080
   0.300   0.340
   0.050   0.120
   0.200   0.230
   0.030   0.060
  -0.160  -0.170
  -0.190  -0.230
   0.060   0.040
  -0.090  -0.150
  -0.250  -0.190
   0.020   0.060
   0.240   0.230
   0.260   0.300
   0.220   0.200
   0.120   0.210
  -0.090  -0.100
   0.250   0.280
   0.020  -0.040
   0.300   0.340
   0.150   0.150
   0.010  -0.090
   0.130   0.130
   0.320   0.320
   0.200   0.140
  -0.410  -0.340
  -0.140  -0.160
   0.380   0.300
  -0.180  -0.190
  -0.090  -0.170
  -0.150  -0.200
  -0.170  -0.120
  -0.080  -0.120
   0.210   0.150
  -0.160  -0.230
   0.190   0.170
   0.030   0.060
   0.030   0.030
  -0.080  -0.030
  -0.080  -0.020
   0.100   0.110
   0.120   0.090
   0.110   0.050
  -0.080  -0.020
  -0.030  -0.040
  -0.060  -0.070
  -0.060  -0.110
  -0.120  -0.050
   0.030   0.010
  -0.020  -0.060
   0.090   0.130
   0.080   0.110
   0.130   0.160
   0.070   0.030
   0.140   0.090
   0.150   0.200
   0.240   0.320
   0.030  -0.060
   0.160   0.120
  -0.120  -0.150
   0.150   0.180
   0.090   0.040
   0.180   0.210
   0.330   0.330
   0.190   0.160
   0.150   0.160
   0.320   0.260
  -0.260  -0.180
   0.090   0.100
   0.160   0.130
   0.220   0.130
  -0.080  -0.110
  -0.190  -0.070
  -0.130  -0.070
  -0.200  -0.130
  -0.230  -0.060
  -0.190  -0.040
   0.010  -0.070
   0.010   0.070
   0.140   0.170
   0.030  -0.020
  -0.290  -0.340
  -0.150  -0.200
   0.080   0.010
  -0.010  -0.030
  -0.200  -0.230
  -0.180  -0.230
  -0.400  -0.470
  -0.150  -0.150
  -0.270  -0.330
  -0.010   0.010
  -0.300  -0.350
  -0.080  -0.090
   0.130   0.080
  -0.090  -0.140
  -0.390  -0.400
   0.070   0.010
   0.190   0.090
  -0.070  -0.150
  -0.020   0.010
  -0.240  -0.150
   0.090   0.130
   0.080   0.150
  -0.020   0.010
   0.160   0.110
   0.350   0.310
   0.160   0.280
   0.010   0.020
   0.050   0.060
  -0.200  -0.290
  -0.090  -0.140
  -0.180  -0.220
  -0.380  -0.370
   0.010  -0.060
   0.030   0.030
  -0.260  -0.190
  -0.310  -0.210
  -0.320  -0.300
  -0.070  -0.130
  -0.390  -0.290
   0.090   0.050
  -0.160  -0.190
   0.370   0.250
  -0.290  -0.250
  -0.020   0.070
   0.170   0.090
   0.280   0.210
   0.100   0.110
  -0.050   0.010
  -0.180  -0.080
  -0.100  -0.120
   0.040   0.020
   0.140   0.070
   0.150   0.160
  -0.080  -0.090
  -0.260  -0.230
   0.080   0.080
   0.100   0.100
  -0.100  -0.050
  -0.040   0.020
  -0.080  -0.060
  -0.130  -0.060
  -0.060  -0.020
  -0.160  -0.040
  -0.030   0.020
   0.000   0.030
  -0.340  -0.250
  -0.180  -0.080
   0.010   0.020
   0.010   0.040
   0.140   0.110
   0.180   0.120
  -0.110  -0.130
  -0.170  -0.110
  -0.080   0.010
  -0.040   0.060
  -0.070  -0.070
  -0.190  -0.100
  -0.400  -0.300
  -0.250  -0.190
   0.030  -0.020
  -0.100  -0.120
  -0.160  -0.220
  -0.210  -0.260
  -0.230  -0.200
   0.350   0.250
   0.130   0.100
  -0.090  -0.070
   0.300   0.160
   0.170   0.090
   0.020   0.050
   0.270   0.210
  -0.170  -0.150
  -0.320  -0.240
  -0.110  -0.070
  -0.150  -0.180
  -0.070  -0.070
  -0.190  -0.110
   0.090   0.070
   0.070   0.020
  -0.140  -0.110
  -0.200  -0.150
  -0.200  -0.160
  -0.100  -0.180
   0.100  -0.010
   0.290   0.130
   0.070   0.020
   0.000  -0.010
  -0.060  -0.010
  -0.220  -0.220
   0.160   0.160
   0.070   0.090
  -0.090  -0.080
  -0.090   0.020
   0.070   0.130
  -0.110  -0.100
  -0.050  -0.020
  -0.020   0.010
   0.010   0.050
   0.070   0.070
   0.010   0.020
   0.080   0.050
  -0.160  -0.170
   0.010  -0.040
  -0.020  -0.070
   0.090   0.130
   0.070   0.100
   0.120   0.130
  -0.080  -0.070
  -0.050  -0.080
   0.000   0.040
   0.040   0.120
  -0.030  -0.070
   0.100   0.080
   0.230   0.110
   0.120   0.080
   0.420   0.340
   0.170   0.070
   0.140   0.090
   0.160   0.120
   0.130   0.150
   0.270   0.170
  -0.260  -0.250
  -0.010  -0.040
  -0.110  -0.110
  -0.210  -0.070
   0.040   0.040
   0.000  -0.060
  -0.070  -0.100
   0.000  -0.080
   0.120   0.180
   0.140   0.170
   0.110   0.080
  -0.090  -0.030
   0.050   0.080
   0.150   0.150
   0.280   0.250
   0.290   0.310
  -0.060  -0.070
   0.070   0.050
   0.180   0.180
   0.210   0.220
   0.330   0.230
  -0.890  -1.110
  -0.530  -0.490
  -0.050   0.140
   0.000   0.090
   0.020   0.050
   0.070   0.010
  -0.010   0.000
   0.170   0.220
  -0.040  -0.010
  -0.050  -0.040
  -0.040  -0.040
  -0.030   0.000
  -0.060  -0.030
  -0.190  -0.220
  -0.170  -0.130
  -0.210  -0.120
  -0.080  -0.060
   0.080   0.110
  -0.070  -0.070
  -0.020   0.000
   0.120   0.090
  -0.010  -0.090
   0.160   0.140
   0.060   0.010
   0.120   0.230
  -0.030  -0.090
   0.130   0.110
   0.040   0.040
   0.140   0.160
   0.130   0.100
   0.070   0.070
   0.140   0.180
  -0.060   0.010
  -0.140  -0.130
  -0.070  -0.060
   0.130   0.130
  -0.050  -0.010
   0.060   0.100
   0.180   0.170
   0.060   0.000
   0.050   0.060
  -0.040   0.040
   0.240   0.280
   0.090   0.100
   0.040   0.010
  -0.100  -0.040
  -0.230  -0.150
  -0.040  -0.080
   0.020   0.060
   0.080   0.110
  -0.140  -0.050
  -0.040  -0.060
  -0.010   0.050
  -0.010   0.010
  -0.040  -0.030
   0.230   0.250
   0.160   0.200
   0.170   0.160
   0.040   0.040
   0.030   0.140
   0.160   0.210
  -0.050  -0.100
   0.080   0.070
   0.100   0.100
  -0.030  -0.060
  -0.130  -0.150
  -0.030   0.010
   0.030   0.080
   0.100   0.100
   0.120   0.120
   0.060   0.140
   0.010  -0.010
   0.000  -0.010
   0.180   0.170
   0.210   0.220
  -0.080  -0.070
  -0.270  -0.240
   0.060   0.010
  -0.180  -0.200
  -0.090  -0.060
  -0.080  -0.060
  -0.100  -0.110
  -0.180  -0.160
  -0.080  -0.030
  -0.110  -0.060
  -0.380  -0.400
   0.050   0.050
   0.070   0.080
  -0.250  -0.250
  -0.260  -0.310
  -0.140  -0.120
   0.090   0.110
  -0.120  -0.100
  -0.110  -0.130
   0.350   0.390
   0.220   0.180
   0.100   0.060
   0.040  -0.040
  -0.080  -0.050
  -0.180  -0.200
   0.080   0.110
   0.230   0.200
  -0.100  -0.030
  -0.320  -0.350
  -0.060  -0.150
  -0.080  -0.040
   0.060   0.080
  -0.030  -0.020
  -0.150  -0.160
  -0.050  -0.070
   0.070   0.090
   0.010   0.000
  -0.030   0.000
  -0.020  -0.070
   0.180   0.140
   0.030   0.020
   0.020  -0.040
   0.240   0.190
   0.090   0.040
   0.100   0.080
   0.000   0.040
  -0.080  -0.080
   0.190   0.140
  -0.050  -0.050
   0.160   0.200
   0.100   0.080
  -0.070  -0.070
   0.000  -0.010
  -0.010  -0.050
  -0.010   0.000
   0.190   0.120
   0.220   0.160
  -0.010  -0.010
  -0.280  -0.200
  -0.130  -0.120
  -0.020  -0.020
  -0.080  -0.040
  -0.120  -0.100
  -0.020  -0.030
   0.080   0.090
  -0.020  -0.010
  -0.090  -0.070
   0.060   0.030
  -0.160  -0.220
  -0.020  -0.020
  -0.200  -0.180
   0.140   0.030
   0.000   0.030
   0.230   0.200
  -0.050  -0.080
  -0.090  -0.110
   0.000   0.010
   0.010   0.020
   0.080   0.020
  -0.260  -0.210
   0.110   0.040
  -0.080  -0.040
  -0.110  -0.080
  -0.040  -0.090
  -0.140  -0.060
  -0.110  -0.050
  -0.010  -0.010
  -0.010   0.010
  -0.110  -0.060
  -0.170  -0.160
   0.020  -0.120
   0.070  -0.010
  -0.150  -0.170
   0.070  -0.070
   0.020  -0.090
  -0.080  -0.040
  -0.060  -0.070
  -0.280  -0.280
  -0.030  -0.030
   0.140   0.100
   0.150   0.100
   0.090   0.080
  -0.100  -0.160
   0.160   0.090
  -0.060  -0.070
  -0.110  -0.080
  -0.010  -0.040
  -0.030   0.040
   0.040  -0.010
  -0.090  -0.140
  -0.030   0.020
   0.000   0.000
  -0.010   0.020
  -0.050  -0.020
   0.220   0.170
   0.150   0.100
  -0.030  -0.030
   0.010  -0.010
   0.000   0.040
   0.020  -0.100
  -0.060   0.020
  -0.030  -0.030
  -0.140  -0.110
  -0.290  -0.300
  -0.150  -0.160
  -0.110  -0.100
   0.040   0.120
  -0.040  -0.040
  -0.100  -0.120
  -0.080  -0.020
  -0.100  -0.060
  -0.120  -0.100
  -0.030  -0.040
  -0.020  -0.030
   0.090   0.060
  -0.180  -0.240
  -0.130  -0.150
  -0.040  -0.040
  -0.110  -0.140
  -0.030  -0.080
  -0.180  -0.130
  -0.170  -0.170
  -0.080  -0.090
  -0.210  -0.180
  -0.030  -0.030
  -0.020  -0.080
   0.330   0.110
   0.020  -0.030
   0.180   0.090
  -0.040  -0.040
   0.000   0.000
   0.210   0.180
   0.040   0.040
   0.140   0.140
   0.140   0.090
   0.190   0.090
  -0.070  -0.090
  -0.170  -0.140
  -0.280  -0.250
  -0.040  -0.110
   0.250   0.180
   0.000   0.020
  -0.100  -0.090
  -0.170  -0.130
  -0.020   0.000
   0.100   0.150
  -0.060   0.000
  -0.100  -0.090
  -0.120  -0.060
  -0.060   0.020
  -0.160  -0.180
  -0.340  -0.320
  -0.120  -0.110
  -0.070   0.000
   0.030   0.040
   0.010  -0.030
  -0.150  -0.110
  -0.100  -0.030
   0.200   0.120
  -0.210  -0.130
  -0.230  -0.220
   0.050  -0.020
   0.040   0.010
  -0.180  -0.140
   0.080   0.070
   0.220   0.170
   0.330   0.220
   0.040   0.020
   0.100   0.080
   0.060   0.060
   0.080   0.090
   0.070   0.030
   0.110   0.060
  -0.160  -0.100
   0.060   0.040
  -0.110  -0.120
  -0.010  -0.020
  -0.070  -0.020
  -0.080  -0.100
  -0.070  -0.030
  -0.130  -0.060
  -0.080   0.000
   0.010   0.040
  -0.200  -0.090
  -0.130  -0.050
  -0.100  -0.010
   0.190   0.090
  -0.010  -0.030
  -0.070  -0.060
   0.040   0.020
  -0.050  -0.010
  -0.120  -0.100
  -0.030  -0.030
   0.070   0.070
  -0.060  -0.020
   0.060   0.040
   0.180   0.130
   0.120   0.150
  -0.020   0.030
   0.070   0.030
  -0.150  -0.120
   0.000   0.040
  -0.130  -0.110
  -0.010   0.000
  -0.020  -0.010
   0.150   0.120
   0.050   0.040
  -0.010  -0.020
  -0.090  -0.070
  -0.100  -0.070
  -0.120  -0.040
  -0.060  -0.030
  -0.070  -0.020
   0.100   0.060
   0.030   0.010
  -0.050  -0.040
  -0.020   0.000
  -0.060   0.010
   0.080   0.040
   0.110   0.060
   0.190   0.100
   0.010  -0.010
   0.010   0.030
   0.070   0.030
  -0.020   0.010
  -0.030  -0.020
   0.060   0.010
  -0.030  -0.010
  -0.010   0.010
   0.060   0.020
  -0.160  -0.110
   0.020  -0.010
  -0.010   0.000
   0.130   0.150
   0.240   0.190
   0.040   0.030
   0.180   0.130
   0.160   0.150
   0.130   0.120
   0.050   0.030
   0.080   0.050
   0.170   0.100
   0.300   0.250
  -0.010  -0.010
   0.180   0.200
  -0.010   0.090
   0.220   0.240
   0.240   0.260
  -0.340  -0.260
   0.100   0.060
  -0.010   0.020
  -0.160  -0.150
   0.080   0.020
   0.110   0.120
   0.140   0.170
   0.040   0.020
   0.030   0.000
  -0.140  -0.080
   0.090   0.100
  -0.120  -0.100
   0.220   0.190
  -0.050   0.030
  -0.010  -0.020
  -0.070  -0.050
   0.100   0.060
   0.100   0.100
   0.130   0.130
   0.090   0.070
   0.150   0.150
  -0.070  -0.030
   0.060   0.060
   0.150   0.120
   0.080   0.060
   0.140   0.140
   0.070   0.160
   0.050   0.050
   0.120   0.260
   0.020   0.210
   0.090   0.100
   0.010  -0.080
   0.050   0.090
   0.020   0.030
  -0.080  -0.120
  -0.080  -0.100
  -0.050  -0.070
  -0.190  -0.070
  -0.020  -0.090
  -0.110  -0.090
  -0.210  -0.160
  -0.120  -0.070
   0.090   0.070
  -0.230  -0.150
   0.020  -0.020
   0.010   0.010
  -0.040   0.000
  -0.080  -0.100
  -0.140  -0.110
   0.060   0.070
  -0.100  -0.080
  -0.270  -0.160
  -0.020  -0.020
  -0.110  -0.060
  -0.310  -0.210
   0.000  -0.020
   0.000  -0.030
  -0.100  -0.070
   0.100   0.060
  -0.090  -0.120
  -0.040  -0.060
   0.270   0.170
   0.100   0.080
  -0.010  -0.040
   0.010   0.030
   0.140   0.150
  -0.060  -0.050
  -0.190  -0.150
  -0.080  -0.030
  -0.040  -0.040
   0.030  -0.020
   0.100   0.120
  -0.130  -0.080
  -0.050  -0.010
  -0.050  -0.010
   0.010  -0.010
  -0.110  -0.100
  -0.020  -0.030
  -0.040  -0.020
  -0.020   0.010
  -0.090  -0.050
  -0.090  -0.040
   0.040   0.000
   0.010  -0.050
  -0.140  -0.090
  -0.030  -0.030
   0.030  -0.010
  -0.160  -0.140
   0.050   0.020
  -0.080  -0.120
  -0.070  -0.080
  -0.090  -0.040
   0.340   0.230
   0.160   0.100
   0.080   0.010
   0.380   0.260
   0.010   0.030
  -0.020  -0.020
   0.080   0.060
   0.260   0.140
  -0.120  -0.110
  -0.010   0.010
   0.140   0.110
   0.090   0.040
  -0.120  -0.080
  -0.010   0.000
   0.140   0.110
   0.100   0.080
   0.120   0.080
  -0.060  -0.040
  -0.060  -0.030
  -0.010   0.030
   0.100   0.080
  -0.130  -0.100
   0.040   0.050
  -0.100  -0.050
  -0.220  -0.200
   0.010   0.020
   0.050   0.020
   0.230   0.170
   0.140   0.140
  -0.100  -0.070
  -0.050  -0.060
  -0.110  -0.100
  -0.130  -0.110
  -0.060  -0.040
  -0.020  -0.020
   0.010   0.010
  -0.120  -0.080
  -0.080  -0.040
  -0.080  -0.030
  -0.020   0.010
  -0.040  -0.010
   0.020   0.010
   0.120   0.040
   0.090   0.050
  -0.010  -0.010
   0.090   0.050
   0.090   0.060
   0.000   0.000
   0.020   0.000
   0.000   0.010
  -0.140  -0.090
  -0.040  -0.040
  -0.030  -0.020
   0.190   0.130
   0.120   0.100
   0.030   0.020
   0.120   0.090
   0.100   0.130
   0.060   0.050
   0.040   0.000
   0.010  -0.010
   0.010   0.030
  -0.160  -0.080
  -0.040  -0.030
  -0.040  -0.040
   0.010  -0.010
   0.030   0.010
  -0.120  -0.100
  -0.050  -0.040
  -0.110  -0.070
   0.040   0.000
  -0.030  -0.020
  -0.140  -0.090
  -0.010   0.020
  -0.050  -0.020
  -0.070  -0.060
   0.160   0.070
   0.020   0.040
  -0.070  -0.050
   0.100   0.050
  -0.030  -0.010
   0.000   0.010
  -0.170  -0.110
  -0.020  -0.010
  -0.050  -0.020
  -0.020   0.000
   0.090   0.070
   0.020   0.010
  -0.200  -0.180
   0.040   0.090
  -0.010   0.000
  -0.030   0.020
   0.040   0.040
   0.020   0.040
  -0.010  -0.010
  -0.090  -0.040
   0.020   0.060
  -0.010  -0.030
  -0.330  -0.270
  -0.090  -0.070
   0.080   0.040
   0.070   0.060
  -0.050  -0.020
   0.030   0.020
  -0.030   0.000
   0.170   0.140
   0.070   0.010
  -0.090  -0.060
  -0.030  -0.010
   0.090   0.030
  -0.020  -0.030
  -0.070  -0.060
   0.060   0.090
   0.050   0.010
   0.080   0.050
  -0.070  -0.020
   0.020   0.030
  -0.040  -0.010
  -0.040  -0.020
  -0.010  -0.010
  -0.030   0.000
  -0.030  -0.020
   0.030   0.010
  -0.030  -0.030
  -0.050  -0.040
   0.040   0.020
  -0.010   0.000
   0.010   0.010
  -0.090  -0.060
  -0.080  -0.080
  -0.020   0.010
  -0.240  -0.140
  -0.210  -0.190
  -0.170  -0.150
  -0.020   0.000
  -0.140  -0.150
  -0.250  -0.200
  -0.080  -0.230
   0.040  -0.040
  -0.070  -0.130
   0.050   0.090
   0.300   0.360
   0.070   0.060
   0.030   0.020
   0.040   0.050
  -0.220  -0.130
   0.010   0.030
  -0.020  -0.020
   0.230   0.160
  -0.040  -0.040
   0.030  -0.040
  -0.020  -0.040
   0.010  -0.020
  -0.040   0.020
   0.170   0.100
   0.080   0.060
   0.120   0.040
   0.140   0.110
   0.160   0.070
  -0.150  -0.120
  -0.070  -0.030
   0.040   0.010
  -0.010  -0.030
  -0.100  -0.060
   0.050   0.010
   0.050   0.030
   0.040   0.030
   0.110   0.050
   0.060   0.010
   0.150   0.100
   0.010   0.040
   0.200   0.150
   0.070   0.040
  -0.030  -0.090
   0.100   0.110
  -0.090  -0.030
   0.020  -0.050
  -0.130  -0.050
  -0.020  -0.030
   0.100   0.090
   0.080   0.060
   0.140   0.100
  -0.120  -0.030
  -0.060  -0.010
   0.110   0.100
  -0.020  -0.010
