19540108      1.30
19540115      1.28
19540122      1.11
19540129      1.01
19540205      0.99
19540212      0.91
19540219      0.98
19540226      0.98
19540305      1.03
19540312      1.04
19540319      1.02
19540326      1.03
19540402      1.03
19540409      1.00
19540416      1.04
19540423      0.99
19540430      0.82
19540507      0.75
19540514      0.80
19540521      0.79
19540528      0.71
19540604      0.69
19540611      0.61
19540618      0.63
19540625      0.62
19540702      0.65
19540709      0.66
19540716      0.72
19540723      0.74
19540730      0.78
19540806      0.79
19540813      0.91
19540820      0.92
19540827      0.99
19540903      1.03
19540910      1.02
19540917      1.02
19540924      0.99
19541001      0.99
19541008      0.94
19541015      0.98
19541022      1.00
19541029      1.00
19541105      1.00
19541112      0.90
19541119      0.89
19541126      0.92
19541203      1.02
19541210      1.09
19541217      1.25
19541224      1.23
19541231      1.08
19550107      1.09
19550114      1.28
19550121      1.32
19550128      1.24
19550204      1.11
19550211      1.05
19550218      1.16
19550225      1.35
19550304      1.29
19550311      1.23
19550318      1.26
19550325      1.30
19550401      1.37
19550408      1.50
19550415      1.63
19550422      1.65
19550429      1.62
19550506      1.55
19550513      1.42
19550520      1.41
19550527      1.44
19550603      1.37
19550610      1.41
19550617      1.47
19550624      1.37
19550701      1.43
19550708      1.51
19550715      1.57
19550722      1.61
19550729      1.71
19550805      1.88
19550812      1.87
19550819      1.84
19550826      1.90
19550902      2.08
19550909      2.10
19550916      2.06
19550923      1.99
19550930      2.11
19551007      2.21
19551014      2.26
19551021      2.25
19551028      2.21
19551104      2.06
19551111      2.05
19551118      2.29
19551125      2.41
19551202      2.41
19551209      2.48
19551216      2.54
19551223      2.63
19551230      2.58
19560106      2.51
19560113      2.53
19560120      2.39
19560127      2.28
19560203      2.29
19560210      2.26
19560217      2.35
19560224      2.40
19560302      2.24
19560309      2.24
19560316      2.36
19560323      2.26
19560330      2.21
19560406      2.38
19560413      2.55
19560420      2.74
19560427      2.71
19560504      2.61
19560511      2.55
19560518      2.67
19560525      2.65
19560601      2.55
19560608      2.53
19560615      2.51
19560622      2.41
19560629      2.48
19560706      2.34
19560713      2.33
19560720      2.26
19560727      2.32
19560803      2.29
19560810      2.40
19560817      2.64
19560824      2.82
19560831      2.72
19560907      2.69
19560914      2.79
19560921      2.91
19560928      2.94
19561005      2.87
19561012      2.96
19561019      2.94
19561026      2.86
19561102      2.85
19561109      2.90
19561116      2.99
19561123      3.05
19561130      3.08
19561207      3.12
19561214      3.24
19561221      3.27
19561228      3.20
19570104      3.16
19570111      3.08
19570118      3.09
19570125      3.10
19570201      3.16
19570208      3.05
19570215      3.00
19570222      3.15
19570301      3.25
19570308      3.18
19570315      3.15
19570322      3.00
19570329      2.97
19570405      3.03
19570412      3.13
19570419      3.11
19570426      3.02
19570503      3.00
19570510      2.93
19570517      2.98
19570524      3.14
19570531      3.26
19570607      3.30
19570614      3.27
19570621      3.36
19570628      3.23
19570705      3.19
19570712      3.13
19570719      3.04
19570726      3.18
19570802      3.34
19570809      3.29
19570816      3.40
19570823      3.32
19570830      3.47
19570906      3.54
19570913      3.55
19570920      3.58
19570927      3.48
19571004      3.49
19571011      3.54
19571018      3.64
19571025      3.59
19571101      3.59
19571108      3.51
19571115      3.38
19571122      3.12
19571129      3.14
19571206      3.07
19571213      3.01
19571220      3.12
19571227      3.10
19580103      2.77
19580110      2.75
19580117      2.57
19580124      2.37
19580131      1.92
19580207      1.65
19580214      1.69
19580221      1.61
19580228      1.22
19580307      1.39
19580314      1.39
19580321      1.33
19580328      1.11
19580404      1.09
19580411      1.10
19580418      1.13
19580425      1.13
19580502      1.23
19580509      1.11
19580516      1.02
19580523      0.74
19580530      0.58
19580606      0.71
19580613      0.83
19580620      0.92
19580627      0.90
19580704      0.79
19580711      0.95
19580718      0.94
19580725      0.88
19580801      0.94
19580808      1.20
19580815      1.58
19580822      1.91
19580829      2.23
19580905      2.32
19580912      2.37
19580919      2.45
19580926      2.48
19581003      2.70
19581010      2.64
19581017      2.67
19581024      2.69
19581031      2.53
19581107      2.49
19581114      2.71
19581121      2.73
19581128      2.73
19581205      2.79
19581212      2.82
19581219      2.82
19581226      2.71
19590102      2.67
19590109      2.72
19590116      2.86
19590123      2.97
19590130      2.77
19590206      2.70
19590213      2.72
19590220      2.63
19590227      2.76
19590306      2.84
19590313      2.85
19590320      2.77
19590327      2.76
19590403      2.84
19590410      2.96
19590417      3.09
19590424      2.98
19590501      2.81
19590508      2.83
19590515      2.76
19590522      2.85
19590529      2.92
19590605      3.15
19590612      3.27
19590619      3.24
19590626      3.22
19590703      3.16
19590710      3.28
19590717      3.37
19590724      3.15
19590731      3.01
19590807      3.00
19590814      3.17
19590821      3.50
19590828      3.73
19590904      3.95
19590911      4.02
19590918      4.13
19590925      3.98
19591002      4.10
19591009      4.02
19591016      4.24
19591023      3.99
19591030      4.00
19591106      4.03
19591113      4.04
19591120      4.20
19591127      4.25
19591204      4.50
19591211      4.48
19591218      4.49
19591225      4.58
19600101      4.40
19600108      4.59
19600115      4.53
19600122      4.27
19600129      4.01
19600205      3.94
19600212      3.67
19600219      4.04
19600226      4.14
19600304      3.92
19600311      3.60
19600318      3.41
19600325      2.84
19600401      2.88
19600408      2.96
19600415      3.56
19600422      3.34
19600429      3.19
19600506      3.08
19600513      3.32
19600520      3.50
19600527      3.29
19600603      2.94
19600610      2.61
19600617      2.31
19600624      2.39
19600701      2.18
19600708      2.27
19600715      2.41
19600722      2.31
19600729      2.24
19600805      2.13
19600812      2.18
19600819      2.31
19600826      2.43
19600902      2.53
19600909      2.56
19600916      2.58
19600923      2.43
19600930      2.35
19601007      2.41
19601014      2.55
19601021      2.23
19601028      2.11
19601104      2.20
19601111      2.40
19601118      2.46
19601125      2.38
19601202      2.35
19601209      2.28
19601216      2.25
19601223      2.24
19601230      2.19
19610106      2.28
19610113      2.28
19610120      2.25
19610127      2.17
19610203      2.29
19610210      2.35
19610217      2.41
19610224      2.51
19610303      2.56
19610310      2.44
19610317      2.35
19610324      2.28
19610331      2.38
19610407      2.36
19610414      2.31
19610421      2.25
19610428      2.23
19610505      2.22
19610512      2.23
19610519      2.29
19610526      2.39
19610602      2.39
19610609      2.40
19610616      2.32
19610623      2.31
19610630      2.27
19610707      2.31
19610714      2.25
19610721      2.19
19610728      2.22
19610804      2.28
19610811      2.38
19610818      2.50
19610825      2.43
19610901      2.34
19610908      2.32
19610915      2.29
19610922      2.26
19610929      2.25
19611006      2.28
19611013      2.35
19611020      2.29
19611027      2.29
19611103      2.28
19611110      2.40
19611117      2.53
19611124      2.54
19611201      2.56
19611208      2.58
19611215      2.59
19611222      2.61
19611229      2.66
19620105      2.72
19620112      2.78
19620119      2.73
19620126      2.67
19620202      2.69
19620209      2.70
19620216      2.81
19620223      2.74
19620302      2.69
19620309      2.74
19620316      2.74
19620323      2.70
19620330      2.73
19620406      2.72
19620413      2.74
19620420      2.72
19620427      2.73
19620504      2.74
19620511      2.67
19620518      2.67
19620525      2.69
19620601      2.68
19620608      2.65
19620615      2.69
19620622      2.73
19620629      2.84
19620706      2.92
19620713      2.97
19620720      2.95
19620727      2.88
19620803      2.85
19620810      2.83
19620817      2.84
19620824      2.82
19620831      2.80
19620907      2.82
19620914      2.78
19620921      2.77
19620928      2.75
19621005      2.75
19621012      2.76
19621019      2.74
19621026      2.74
19621102      2.74
19621109      2.82
19621116      2.83
19621123      2.84
19621130      2.86
19621207      2.85
19621214      2.84
19621221      2.88
19621228      2.89
19630104      2.89
19630111      2.90
19630118      2.90
19630125      2.93
19630201      2.93
19630208      2.95
19630215      2.93
19630222      2.90
19630301      2.90
19630308      2.89
19630315      2.88
19630322      2.90
19630329      2.91
19630405      2.91
19630412      2.90
19630419      2.90
19630426      2.89
19630503      2.90
19630510      2.91
19630517      2.90
19630524      2.94
19630531      2.98
19630607      3.00
19630614      2.98
19630621      2.98
19630628      2.99
19630705      3.03
19630712      3.22
19630719      3.19
19630726      3.19
19630802      3.24
19630809      3.26
19630816      3.32
19630823      3.36
19630830      3.39
19630906      3.36
19630913      3.36
19630920      3.41
19630927      3.38
19631004      3.41
19631011      3.45
19631018      3.47
19631025      3.44
19631101      3.47
19631108      3.54
19631115      3.55
19631122      3.51
19631129      3.48
19631206      3.52
19631213      3.50
19631220      3.53
19631227      3.52
19640103      3.52
19640110      3.53
19640117      3.54
19640124      3.52
19640131      3.50
19640207      3.51
19640214      3.52
19640221      3.53
19640228      3.56
19640306      3.56
19640313      3.54
19640320      3.54
19640327      3.54
19640403      3.52
19640410      3.48
19640417      3.47
19640424      3.45
19640501      3.45
19640508      3.49
19640515      3.47
19640522      3.47
19640529      3.47
19640605      3.47
19640612      3.47
19640619      3.49
19640626      3.47
19640703      3.48
19640710      3.48
19640717      3.43
19640724      3.46
19640731      3.46
19640807      3.48
19640814      3.51
19640821      3.50
19640828      3.50
19640904      3.50
19640911      3.52
19640918      3.54
19640925      3.54
19641002      3.55
19641009      3.57
19641016      3.59
19641023      3.58
19641030      3.56
19641106      3.57
19641113      3.58
19641120      3.61
19641127      3.79
19641204      3.82
19641211      3.81
19641218      3.86
19641225      3.86
19650101      3.83
19650108      3.80
19650115      3.77
19650122      3.81
19650129      3.85
19650205      3.89
19650212      3.90
19650219      3.94
19650226      3.99
19650305      3.96
19650312      3.94
19650319      3.92
19650326      3.91
19650402      3.92
19650409      3.93
19650416      3.93
19650423      3.93
19650430      3.91
19650507      3.89
19650514      3.89
19650521      3.90
19650528      3.88
19650604      3.85
19650611      3.81
19650618      3.80
19650625      3.78
19650702      3.81
19650709      3.87
19650716      3.86
19650723      3.82
19650730      3.81
19650806      3.84
19650813      3.83
19650820      3.82
19650827      3.86
19650903      3.88
19650910      3.90
19650917      3.88
19650924      3.94
19651001      4.02
19651008      4.01
19651015      4.01
19651022      4.04
19651029      4.05
19651105      4.07
19651112      4.07
19651119      4.09
19651126      4.11
19651203      4.12
19651210      4.34
19651217      4.41
19651224      4.48
19651231      4.48
19660107      4.54
19660114      4.60
19660121      4.62
19660128      4.58
19660204      4.64
19660211      4.64
19660218      4.67
19660225      4.66
19660304      4.62
19660311      4.63
19660318      4.64
19660325      4.51
19660401      4.52
19660408      4.54
19660415      4.65
19660422      4.65
19660429      4.64
19660506      4.67
19660513      4.61
19660520      4.64
19660527      4.64
19660603      4.59
19660610      4.58
19660617      4.53
19660624      4.40
19660701      4.47
19660708      4.69
19660715      4.87
19660722      4.90
19660729      4.73
19660805      4.82
19660812      4.88
19660819      5.06
19660826      5.02
19660902      5.07
19660909      5.20
19660916      5.42
19660923      5.54
19660930      5.40
19661007      5.39
19661014      5.45
19661021      5.37
19661028      5.23
19661104      5.30
19661111      5.41
19661118      5.39
19661125      5.26
19661202      5.17
19661209      5.16
19661216      4.97
19661223      4.82
19661230      4.80
19670106      4.80
19670113      4.81
19670120      4.71
19670127      4.66
19670203      4.49
19670210      4.54
19670217      4.61
19670224      4.61
19670303      4.46
19670310      4.37
19670317      4.28
19670324      4.15
19670331      4.13
19670407      3.95
19670414      3.85
19670421      3.83
19670428      3.72
19670505      3.72
19670512      3.66
19670519      3.59
19670526      3.50
19670602      3.43
19670609      3.41
19670616      3.57
19670623      3.47
19670630      3.75
19670707      4.20
19670714      4.18
19670721      4.20
19670728      4.25
19670804      4.16
19670811      4.17
19670818      4.21
19670825      4.36
19670901      4.41
19670908      4.30
19670915      4.37
19670922      4.54
19670929      4.47
19671006      4.49
19671013      4.57
19671020      4.62
19671027      4.56
19671103      4.57
19671110      4.64
19671117      4.63
19671124      4.86
19671201      4.93
19671208      4.92
19671215      4.97
19671222      4.98
19671229      5.01
19680105      5.01
19680112      5.07
19680119      5.02
19680126      4.97
19680202      4.85
19680209      5.00
19680216      4.97
19680223      4.97
19680301      5.03
19680308      5.04
19680315      5.26
19680322      5.25
19680329      5.14
19680405      5.20
19680412      5.35
19680419      5.40
19680426      5.50
19680503      5.50
19680510      5.53
19680517      5.68
19680524      5.82
19680531      5.70
19680607      5.66
19680614      5.69
19680621      5.45
19680628      5.30
19680705      5.35
19680712      5.37
19680719      5.38
19680726      5.23
19680802      5.09
19680809      4.96
19680816      5.12
19680823      5.15
19680830      5.19
19680906      5.21
19680913      5.28
19680920      5.18
19680927      5.12
19681004      5.20
19681011      5.32
19681018      5.35
19681025      5.40
19681101      5.48
19681108      5.49
19681115      5.42
19681122      5.43
19681129      5.47
19681206      5.66
19681213      5.84
19681220      6.03
19681227      6.22
19690103      6.20
19690110      6.18
19690117      6.11
19690124      6.11
19690131      6.16
19690207      6.19
19690214      6.09
19690221      6.09
19690228      6.11
19690307      6.11
19690314      6.01
19690321      6.00
19690328      5.94
19690404      6.05
19690411      6.15
19690418      6.20
19690425      6.13
19690502      5.93
19690509      5.98
19690516      6.08
19690523      6.06
19690530      6.10
19690606      6.26
19690613      6.67
19690620      6.56
19690627      6.30
19690704      6.63
19690711      6.96
19690718      7.02
19690725      7.12
19690801      7.09
19690808      6.98
19690815      7.00
19690822      6.87
19690829      7.07
19690905      7.03
19690912      7.11
19690919      7.13
19690926      7.10
19691003      7.06
19691010      6.99
19691017      7.02
19691024      6.94
19691031      7.00
19691107      7.07
19691114      7.15
19691121      7.25
19691128      7.50
19691205      7.60
19691212      7.82
19691219      7.88
19691226      7.84
19700102      8.02
19700109      7.91
19700116      7.83
19700123      7.83
19700130      7.89
19700206      7.61
19700213      7.20
19700220      6.79
19700227      6.88
19700306      6.89
19700313      6.76
19700320      6.71
19700327      6.16
19700403      6.35
19700410      6.40
19700417      6.37
19700424      6.59
19700501      6.86
19700508      6.82
19700515      6.80
19700522      6.73
19700529      7.00
19700605      6.82
19700612      6.76
19700619      6.71
19700626      6.51
19700703      6.46
19700710      6.62
19700717      6.46
19700724      6.34
19700731      6.37
19700807      6.46
19700814      6.53
19700821      6.42
19700828      6.25
19700904      6.37
19700911      6.40
19700918      6.22
19700925      5.80
19701002      5.84
19701009      6.03
19701016      5.95
19701023      5.83
19701030      5.84
19701106      5.56
19701113      5.48
19701120      5.19
19701127      4.99
19701204      4.97
19701211      4.92
19701218      4.77
19701225      4.83
19710101      4.88
19710108      4.84
19710115      4.51
19710122      4.20
19710129      4.20
19710205      4.06
19710212      3.70
19710219      3.56
19710226      3.43
19710305      3.35
19710312      3.28
19710319      3.39
19710326      3.37
19710402      3.61
19710409      3.79
19710416      3.96
19710423      3.81
19710430      3.95
19710507      3.85
19710514      3.96
19710521      4.37
19710528      4.39
19710604      4.30
19710611      4.59
19710618      4.95
19710625      4.87
19710702      5.19
19710709      5.42
19710716      5.38
19710723      5.46
19710730      5.40
19710806      5.29
19710813      5.25
19710820      4.71
19710827      4.68
19710903      4.49
19710910      4.63
19710917      4.80
19710924      4.75
19711001      4.64
19711008      4.53
19711015      4.44
19711022      4.47
19711029      4.36
19711105      4.18
19711112      4.18
19711119      4.14
19711126      4.34
19711203      4.28
19711210      4.11
19711217      4.04
19711224      4.02
19711231      3.73
19720107      3.60
19720114      3.17
19720121      3.32
19720128      3.46
19720204      3.36
19720211      3.10
19720218      3.05
19720225      3.23
19720303      3.45
19720310      3.57
19720317      3.87
19720324      3.82
19720331      3.83
19720407      3.81
19720414      3.82
19720421      3.64
19720428      3.55
19720505      3.57
19720512      3.59
19720519      3.76
19720526      3.80
19720602      3.83
19720609      3.86
19720616      3.87
19720623      3.97
19720630      3.97
19720707      4.07
19720714      4.05
19720721      3.93
19720728      3.94
19720804      3.79
19720811      3.86
19720818      3.90
19720825      4.13
19720901      4.47
19720908      4.71
19720915      4.71
19720922      4.66
19720929      4.60
19721006      4.66
19721013      4.79
19721020      4.78
19721027      4.73
19721103      4.74
19721110      4.71
19721117      4.76
19721124      4.82
19721201      4.88
19721208      5.00
19721215      5.05
19721222      5.15
19721229      5.13
19730105      5.16
19730112      5.19
19730119      5.40
19730126      5.67
19730202      5.70
19730209      5.56
19730216      5.43
19730223      5.58
19730302      5.81
19730309      5.85
19730316      6.05
19730323      6.31
19730330      6.29
19730406      6.45
19730413      6.20
19730420      6.16
19730427      6.23
19730504      6.24
19730511      6.07
19730518      6.22
19730525      6.56
19730601      6.91
19730608      7.07
19730615      7.15
19730622      7.25
19730629      7.32
19730706      7.94
19730713      7.78
19730720      8.03
19730727      8.17
19730803      8.30
19730810      8.70
19730817      8.88
19730824      8.71
19730831      8.62
19730907      8.80
19730914      8.94
19730921      8.38
19730928      7.13
19731005      7.42
19731012      7.14
19731019      7.16
19731026      7.07
19731102      7.38
19731109      8.12
19731116      8.11
19731123      7.72
19731130      7.52
19731207      7.47
19731214      7.51
19731221      7.35
19731228      7.50
19740104      7.49
19740111      7.72
19740118      7.89
19740125      7.99
19740201      7.55
19740208      7.03
19740215      7.06
19740222      7.07
19740301      7.36
19740308      7.71
19740315      7.82
19740322      8.06
19740329      8.35
19740405      8.51
19740412      8.49
19740419      8.05
19740426      8.10
19740503      8.81
19740510      8.60
19740517      8.00
19740524      7.90
19740531      8.04
19740607      8.05
19740614      8.23
19740621      7.88
19740628      7.45
19740705      7.53
19740712      7.45
19740719      7.72
19740726      7.43
19740802      7.84
19740809      8.75
19740816      8.75
19740823      9.29
19740830      9.37
19740906      9.34
19740913      9.10
19740920      7.64
19740927      6.81
19741004      6.64
19741011      7.24
19741018      7.73
19741025      7.60
19741101      7.95
19741108      7.66
19741115      7.26
19741122      7.46
19741129      7.45
19741206      7.44
19741213      7.24
19741220      6.92
19741227      7.01
19750103      6.96
19750110      6.59
19750117      6.54
19750124      5.98
19750131      5.68
19750207      5.61
19750214      5.65
19750221      5.25
19750228      5.47
19750307      5.57
19750314      5.46
19750321      5.41
19750328      5.53
19750404      5.62
19750411      5.74
19750418      5.44
19750425      5.66
19750502      5.51
19750509      5.41
19750516      5.04
19750523      5.16
19750530      5.23
19750606      5.23
19750613      5.00
19750620      5.24
19750627      5.80
19750704      5.98
19750711      6.06
19750718      6.05
19750725      6.27
19750801      6.28
19750808      6.42
19750815      6.42
19750822      6.46
19750829      6.49
19750905      6.38
19750912      6.43
19750919      6.45
19750926      6.38
19751003      6.46
19751010      6.23
19751017      6.01
19751024      5.73
19751031      5.58
19751107      5.50
19751114      5.37
19751121      5.49
19751128      5.54
19751205      5.57
19751212      5.60
19751219      5.44
19751226      5.28
19760102      5.19
19760109      5.07
19760116      4.84
19760123      4.78
19760130      4.72
19760206      4.90
19760213      4.85
19760220      4.87
19760227      4.90
19760305      5.20
19760312      4.99
19760319      4.98
19760326      4.87
19760402      4.97
19760409      4.91
19760416      4.80
19760423      4.78
19760430      4.88
19760507      4.91
19760514      5.11
19760521      5.33
19760528      5.47
19760604      5.53
19760611      5.44
19760618      5.38
19760625      5.34
19760702      5.36
19760709      5.34
19760716      5.15
19760723      5.23
19760730      5.17
19760806      5.16
19760813      5.17
19760820      5.15
19760827      5.11
19760903      5.09
19760910      5.11
19760917      5.10
19760924      5.05
19761001      5.06
19761008      5.04
19761015      4.86
19761022      4.84
19761029      4.90
19761105      4.83
19761112      4.92
19761119      4.80
19761126      4.60
19761203      4.42
19761210      4.41
19761217      4.33
19761224      4.27
19761231      4.34
19770107      4.49
19770114      4.58
19770121      4.65
19770128      4.72
19770204      4.71
19770211      4.62
19770218      4.63
19770225      4.71
19770304      4.66
19770311      4.63
19770318      4.59
19770325      4.57
19770401      4.57
19770408      4.58
19770415      4.55
19770422      4.51
19770429      4.51
19770506      4.75
19770513      4.96
19770520      5.05
19770527      5.06
19770603      5.03
19770610      5.06
19770617      5.01
19770624      5.01
19770701      4.97
19770708      5.12
19770715      5.16
19770722      5.21
19770729      5.27
19770805      5.35
19770812      5.47
19770819      5.56
19770826      5.53
19770902      5.56
19770909      5.65
19770916      5.86
19770923      5.90
19770930      5.89
19771007      6.09
19771014      6.32
19771021      6.17
19771028      6.09
19771104      6.20
19771111      6.15
19771118      6.07
19771125      6.06
19771202      6.04
19771209      6.07
19771216      6.03
19771223      6.03
19771230      6.16
19780106      6.20
19780113      6.60
19780120      6.48
19780127      6.44
19780203      6.42
19780210      6.44
19780217      6.48
19780224      6.45
19780303      6.39
19780310      6.29
19780317      6.27
19780324      6.21
19780331      6.34
19780407      6.37
19780414      6.29
19780421      6.22
19780428      6.26
19780505      6.38
19780512      6.37
19780519      6.32
19780526      6.51
19780602      6.62
19780609      6.62
19780616      6.65
19780623      6.79
19780630      6.93
19780707      7.05
19780714      7.16
19780721      7.05
19780728      6.83
19780804      6.80
19780811      6.79
19780818      7.12
19780825      7.25
19780901      7.50
19780908      7.60
19780915      7.77
19780922      8.02
19780929      7.96
19781006      8.14
19781013      7.98
19781020      7.89
19781027      7.70
19781103      8.73
19781110      8.79
19781117      8.14
19781124      8.63
19781201      8.98
19781208      8.93
19781215      8.93
19781222      9.28
19781229      9.25
19790105      9.34
19790112      9.30
19790119      9.44
19790126      9.34
19790202      9.28
19790209      9.24
19790216      9.28
19790223      9.41
19790302      9.44
19790309      9.44
19790316      9.51
19790323      9.54
19790330      9.46
19790406      9.53
19790413      9.70
19790420      9.41
19790427      9.23
19790504      9.58
19790511      9.63
19790518      9.60
19790525      9.64
19790601      9.55
19790608      9.36
19790615      8.97
19790622      8.96
19790629      8.83
19790706      9.10
19790713      9.28
19790720      9.31
19790727      9.28
19790803      9.23
19790810      9.40
19790817      9.52
19790824      9.55
19790831      9.74
19790907     10.20
19790914     10.45
19790921     10.26
19790928     10.14
19791005     10.43
19791012     11.62
19791019     11.91
19791026     12.60
19791102     12.07
19791109     12.25
19791116     11.90
19791123     11.77
19791130     11.26
19791207     11.75
19791214     12.34
19791221     12.06
19791228     11.99
19800104     12.10
19800111     11.72
19800118     11.91
19800125     12.17
19800201     12.15
19800208     12.05
19800215     12.36
19800222     13.38
19800229     13.78
19800307     15.37
19800314     15.32
19800321     14.76
19800328     15.55
19800404     14.78
19800411     14.30
19800418     13.57
19800425     12.18
19800502     10.47
19800509      9.14
19800516      8.53
19800523      8.15
19800530      7.70
19800606      7.51
19800613      6.44
19800620      6.76
19800627      7.42
19800704      7.92
19800711      8.08
19800718      7.98
19800725      7.93
19800801      8.44
19800808      8.58
19800815      8.60
19800822      9.41
19800829     10.01
19800905      9.78
19800912     10.09
19800919     10.26
19800926     10.45
19801003     11.39
19801010     11.24
19801017     11.07
19801024     11.66
19801031     12.51
19801107     13.28
19801114     13.29
19801121     13.98
19801128     14.31
19801205     14.98
19801212     16.76
19801219     16.21
19801226     14.62
19810102     14.31
19810109     14.31
19810116     15.19
19810123     15.65
19810130     15.01
19810206     14.90
19810213     15.51
19810220     14.68
19810227     14.19
19810306     14.44
19810313     13.79
19810320     12.63
19810327     12.91
19810403     12.60
19810410     13.67
19810417     13.66
19810424     13.74
19810501     14.52
19810508     16.44
19810515     16.75
19810522     16.61
19810529     15.61
19810605     15.69
19810612     14.79
19810619     14.31
19810626     14.39
19810703     14.34
19810710     14.82
19810717     14.56
19810724     15.50
19810731     15.07
19810807     15.43
19810814     15.25
19810821     15.63
19810828     15.71
19810904     15.59
19810911     15.14
19810918     14.35
19810925     14.29
19811002     14.37
19811009     13.81
19811016     13.41
19811023     13.37
19811030     13.14
19811106     12.21
19811113     10.93
19811120     10.31
19811127     10.23
19811204     10.39
19811211     10.47
19811218     10.94
19811225     11.14
19820101     11.35
19820108     11.59
19820115     12.07
19820122     12.66
19820129     12.79
19820205     13.68
19820212     14.12
19820219     14.06
19820226     12.31
19820305     12.26
19820312     12.47
19820319     12.85
19820326     12.72
19820402     13.32
19820409     13.10
19820416     12.77
19820423     12.39
19820430     12.42
19820507     12.54
19820514     12.38
19820521     11.90
19820528     11.54
19820604     12.09
19820611     12.06
19820618     12.46
19820625     12.88
19820702     12.81
19820709     12.23
19820716     11.71
19820723     10.64
19820730     10.51
19820806      9.80
19820813      9.70
19820820      7.88
19820827      7.50
19820903      8.31
19820910      8.34
19820917      8.03
19820924      7.53
19821001      7.52
19821008      7.93
19821015      7.48
19821022      7.54
19821029      7.93
19821105      7.78
19821112      8.07
19821119      8.31
19821126      7.94
19821203      8.14
19821210      7.96
19821217      7.80
19821224      7.91
19821231      8.01
19830107      7.92
19830114      7.66
19830121      7.75
19830128      8.05
19830204      8.16
19830211      8.22
19830218      8.16
19830225      7.91
19830304      7.97
19830311      8.25
19830318      8.31
19830325      8.55
19830401      8.64
19830408      8.45
19830415      8.16
19830422      8.12
19830429      8.11
19830506      8.03
19830513      8.03
19830520      8.14
19830527      8.48
19830603      8.57
19830610      8.76
19830617      8.70
19830624      8.97
19830701      8.88
19830708      9.07
19830715      9.10
19830722      9.10
19830729      9.13
19830805      9.41
19830812      9.52
19830819      9.35
19830826      9.15
19830902      9.26
19830909      9.13
19830916      9.08
19830923      8.94
19830930      8.75
19831007      8.62
19831014      8.79
19831021      8.53
19831028      8.66
19831104      8.58
19831111      8.77
19831118      8.81
19831125      8.79
19831202      8.88
19831209      8.97
19831216      9.09
19831223      9.00
19831230      8.96
19840106      8.95
19840113      8.88
19840120      8.88
19840127      8.93
19840203      8.91
19840210      9.06
19840217      9.09
19840224      9.18
19840302      9.18
19840309      9.29
19840316      9.43
19840323      9.76
19840330      9.72
19840406      9.74
19840413      9.65
19840420      9.76
19840427      9.64
19840504      9.73
19840511      9.97
19840518      9.88
19840525      9.79
19840601      9.76
19840608      9.81
19840615      9.95
19840622      9.91
19840629      9.81
19840706      9.92
19840713     10.04
19840720     10.11
19840727     10.25
19840803     10.42
19840810     10.48
19840817     10.31
19840824     10.44
19840831     10.65
19840907     10.61
19840914     10.38
19840921     10.29
19840928     10.24
19841005     10.19
19841012     10.01
19841019      9.81
19841026      9.33
19841102      9.10
19841109      8.65
19841116      8.68
19841123      8.55
19841130      8.41
19841207      8.44
19841214      8.27
19841221      7.81
19841228      7.67
19850104      7.83
19850111      7.75
19850118      7.73
19850125      7.65
19850201      7.92
19850208      8.17
19850215      8.21
19850222      8.31
19850301      8.47
19850308      8.69
19850315      8.55
19850322      8.51
19850329      8.29
19850405      8.17
19850412      8.08
19850419      7.86
19850426      7.77
19850503      7.78
19850510      7.76
19850517      7.50
19850524      7.25
19850531      7.19
19850607      7.01
19850614      7.03
19850621      6.81
19850628      6.97
19850705      6.90
19850712      6.99
19850719      7.07
19850726      7.22
19850802      7.28
19850809      7.21
19850816      7.13
19850823      7.07
19850830      7.07
19850906      7.14
19850913      7.23
19850920      7.12
19850927      6.89
19851004      7.01
19851011      7.17
19851018      7.20
19851025      7.22
19851101      7.20
19851108      7.25
19851115      7.29
19851122      7.23
19851129      7.18
19851206      7.24
19851213      7.10
19851220      7.06
19851227      7.02
19860103      7.04
19860110      7.13
19860117      7.17
19860124      6.99
19860131      6.98
19860207      7.06
19860214      7.11
19860221      7.05
19860228      7.04
19860307      6.79
19860314      6.59
19860321      6.49
19860328      6.39
19860404      6.31
19860411      6.07
19860418      5.84
19860425      6.03
19860502      6.11
19860509      6.05
19860516      6.14
19860523      6.20
19860530      6.24
19860606      6.42
19860613      6.29
19860620      6.10
19860627      6.07
19860704      5.97
19860711      5.86
19860718      5.75
19860725      5.78
19860801      5.83
19860808      5.71
19860815      5.60
19860822      5.48
19860829      5.27
19860905      5.21
19860912      5.20
19860919      5.18
19860926      5.24
19861003      5.19
19861010      5.05
19861017      5.20
19861024      5.29
19861031      5.19
19861107      5.26
19861114      5.41
19861121      5.36
19861128      5.39
19861205      5.42
19861212      5.49
19861219      5.57
19861226      5.56
19870102      5.65
19870109      5.46
19870116      5.35
19870123      5.35
19870130      5.51
19870206      5.62
19870213      5.75
19870220      5.55
19870227      5.45
19870306      5.54
19870313      5.66
19870320      5.55
19870327      5.60
19870403      5.56
19870410      5.62
19870417      5.80
19870424      5.54
19870501      5.69
19870508      5.61
19870515      5.69
19870522      5.68
19870529      5.67
19870605      5.70
19870612      5.55
19870619      5.65
19870626      5.77
19870703      5.68
19870710      5.61
19870717      5.58
19870724      5.66
19870731      5.94
19870807      5.87
19870814      5.94
19870821      6.05
19870828      6.24
19870904      6.21
19870911      6.39
19870918      6.36
19870925      6.48
19871002      6.62
19871009      6.65
19871016      6.98
19871023      5.70
19871030      5.17
19871106      5.62
19871113      5.78
19871120      5.78
19871127      5.72
19871204      5.41
19871211      5.86
19871218      5.90
19871225      5.83
19880101      5.73
19880108      5.86
19880115      5.81
19880122      5.85
19880129      5.74
19880205      5.67
19880212      5.65
19880219      5.72
19880226      5.63
19880304      5.63
19880311      5.73
19880318      5.64
19880325      5.77
19880401      5.74
19880408      5.99
19880415      5.89
19880422      5.83
19880429      5.91
19880506      6.16
19880513      6.26
19880520      6.22
19880527      6.35
19880603      6.45
19880610      6.43
19880617      6.36
19880624      6.50
19880701      6.57
19880708      6.58
19880715      6.70
19880722      6.72
19880729      6.93
19880805      6.89
19880812      6.98
19880819      7.03
19880826      7.20
19880902      7.28
19880909      7.30
19880916      7.18
19880923      7.19
19880930      7.30
19881007      7.25
19881014      7.31
19881021      7.40
19881028      7.42
19881104      7.38
19881111      7.57
19881118      7.91
19881125      8.01
19881202      7.94
19881209      7.96
19881216      8.09
19881223      8.11
19881230      8.16
19890106      8.24
19890113      8.26
19890120      8.24
19890127      8.29
19890203      8.38
19890210      8.52
19890217      8.52
19890224      8.57
19890303      8.67
19890310      8.64
19890317      8.74
19890324      9.03
19890331      9.00
19890407      8.82
19890414      8.69
19890421      8.55
19890428      8.53
19890505      8.54
19890512      8.43
19890519      8.30
19890526      8.41
19890602      8.54
19890609      8.18
19890616      8.14
19890623      8.13
19890630      8.03
19890707      7.81
19890714      7.77
19890721      7.97
19890728      7.98
19890804      7.71
19890811      7.92
19890818      7.95
19890825      7.98
19890901      7.90
19890908      7.82
19890915      7.60
19890922      7.73
19890929      7.84
19891006      7.76
19891013      7.66
19891020      7.50
19891027      7.60
19891103      7.77
19891110      7.74
19891117      7.67
19891124      7.60
19891201      7.63
19891208      7.61
19891215      7.65
19891222      7.60
19891229      7.68
19900105      7.59
19900112      7.53
19900119      7.72
19900126      7.69
19900202      7.76
19900209      7.80
19900216      7.66
19900223      7.74
19900302      7.76
19900309      7.91
19900316      7.96
19900323      7.93
19900330      7.85
19900406      7.77
19900413      7.78
19900420      7.76
19900427      7.78
19900504      7.85
19900511      7.74
19900518      7.67
19900525      7.71
19900601      7.74
19900608      7.70
19900615      7.70
19900622      7.74
19900629      7.77
19900706      7.71
19900713      7.73
19900720      7.57
19900727      7.53
19900803      7.43
19900810      7.37
19900817      7.45
19900824      7.54
19900831      7.46
19900907      7.38
19900914      7.38
19900921      7.38
19900928      7.29
19901005      7.13
19901012      7.16
19901019      7.20
19901026      7.19
19901102      7.11
19901109      7.08
19901116      7.07
19901123      7.07
19901130      7.04
19901207      6.99
19901214      6.83
19901221      6.66
19901228      6.48
19910104      6.47
19910111      6.31
19910118      6.07
19910125      6.12
19910201      6.17
19910208      5.94
19910215      5.87
19910222      5.94
19910301      6.04
19910308      6.05
19910315      5.83
19910322      5.87
19910329      5.82
19910405      5.75
19910412      5.59
19910419      5.63
19910426      5.66
19910503      5.51
19910510      5.48
19910517      5.44
19910524      5.44
19910531      5.46
19910607      5.58
19910614      5.58
19910621      5.58
19910628      5.56
19910705      5.58
19910712      5.57
19910719      5.59
19910726      5.58
19910802      5.53
19910809      5.40
19910816      5.29
19910823      5.24
19910830      5.34
19910906      5.32
19910913      5.23
19910920      5.19
19910927      5.16
19911004      5.07
19911011      5.01
19911018      5.00
19911025      5.01
19911101      4.85
19911108      4.68
19911115      4.62
19911122      4.49
19911129      4.39
19911206      4.32
19911213      4.16
19911220      4.03
19911227      3.81
19920103      3.87
19920110      3.77
19920117      3.81
19920124      3.77
19920131      3.84
19920207      3.81
19920214      3.76
19920221      3.87
19920228      3.94
19920306      4.04
19920313      4.02
19920320      4.06
19920327      4.03
19920403      4.01
19920410      3.80
19920417      3.63
19920424      3.68
19920501      3.69
19920508      3.63
19920515      3.60
19920522      3.61
19920529      3.71
19920605      3.71
19920612      3.67
19920619      3.63
19920626      3.64
19920703      3.48
19920710      3.22
19920717      3.19
19920724      3.17
19920731      3.18
19920807      3.16
19920814      3.11
19920821      3.07
19920828      3.16
19920904      3.10
19920911      2.91
19920918      2.89
19920925      2.89
19921002      2.69
19921009      2.76
19921016      2.90
19921023      2.95
19921030      2.94
19921106      3.03
19921113      3.08
19921120      3.16
19921127      3.24
19921204      3.30
19921211      3.24
19921218      3.21
19921225      3.18
19930101      3.15
19930108      3.09
19930115      3.00
19930122      2.99
19930129      2.92
19930205      2.92
19930212      2.93
19930219      2.92
19930226      2.95
19930305      2.95
19930312      2.98
19930319      2.97
19930326      2.92
19930402      2.91
19930409      2.91
19930416      2.85
19930423      2.81
19930430      2.91
19930507      2.87
19930514      2.91
19930521      2.99
19930528      3.06
19930604      3.06
19930611      3.10
19930618      3.05
19930625      3.09
19930702      3.01
19930709      3.02
19930716      3.02
19930723      3.07
19930730      3.06
19930806      3.06
19930813      3.02
19930820      3.00
19930827      3.00
19930903      2.99
19930910      2.96
19930917      2.96
19930924      2.93
19931001      2.92
19931008      2.97
19931015      3.02
19931022      3.04
19931029      3.06
19931105      3.08
19931112      3.10
19931119      3.11
19931126      3.12
19931203      3.12
19931210      3.07
19931217      3.04
19931224      3.06
19931231      3.02
19940107      3.05
19940114      2.97
19940121      2.96
19940128      2.93
19940204      3.08
19940211      3.25
19940218      3.27
19940225      3.35
19940304      3.47
19940311      3.52
19940318      3.52
19940325      3.49
19940401      3.50
19940408      3.60
19940415      3.57
19940422      3.73
19940429      3.85
19940506      4.04
19940513      4.19
19940520      4.16
19940527      4.18
19940603      4.15
19940610      4.11
19940617      4.12
19940624      4.16
19940701      4.16
19940708      4.28
19940715      4.37
19940722      4.30
19940729      4.39
19940805      4.34
19940812      4.40
19940819      4.56
19940826      4.55
19940902      4.56
19940909      4.56
19940916      4.59
19940923      4.71
19940930      4.66
19941007      4.90
19941014      4.91
19941021      4.94
19941028      5.01
19941104      5.10
19941111      5.22
19941118      5.34
19941125      5.31
19941202      5.53
19941209      5.70
19941216      5.66
19941223      5.49
19941230      5.52
19950106      5.67
19950113      5.66
19950120      5.70
19950127      5.77
19950203      5.82
19950210      5.79
19950217      5.75
19950224      5.72
19950303      5.74
19950310      5.76
19950317      5.75
19950324      5.72
19950331      5.69
19950407      5.70
19950414      5.63
19950421      5.61
19950428      5.67
19950505      5.65
19950512      5.64
19950519      5.69
19950526      5.69
19950602      5.55
19950609      5.56
19950616      5.48
19950623      5.42
19950630      5.43
19950707      5.43
19950714      5.39
19950721      5.43
19950728      5.44
19950804      5.42
19950811      5.40
19950818      5.44
19950825      5.41
19950901      5.31
19950908      5.33
19950915      5.31
19950922      5.22
19950929      5.26
19951006      5.30
19951013      5.30
19951020      5.27
19951027      5.24
19951103      5.31
19951110      5.38
19951117      5.38
19951124      5.35
19951201      5.33
19951208      5.32
19951215      5.26
19951222      5.02
19951229      4.89
19960105      5.02
19960112      5.03
19960119      4.98
19960126      4.97
19960202      4.93
19960209      4.81
19960216      4.79
19960223      4.82
19960301      4.87
19960308      4.89
19960315      4.97
19960322      5.00
19960329      5.00
19960405      5.01
19960412      4.97
19960419      4.85
19960426      4.96
19960503      5.00
19960510      5.00
19960517      5.01
19960524      5.04
19960531      5.04
19960607      5.09
19960614      5.11
19960621      5.09
19960628      5.09
19960705      5.13
19960712      5.15
19960719      5.13
19960726      5.16
19960802      5.15
19960809      5.03
19960816      5.03
19960823      5.02
19960830      5.09
19960906      5.19
19960913      5.13
19960920      5.12
19960927      4.98
19961004      4.91
19961011      4.98
19961018      5.00
19961025      5.00
19961101      5.03
19961108      5.03
19961115      5.03
19961122      5.03
19961129      5.02
19961206      4.92
19961213      4.83
19961220      4.88
19961227      4.97
19970103      5.05
19970110      5.03
19970117      5.03
19970124      5.04
19970131      5.04
19970207      4.99
19970214      5.00
19970221      4.97
19970228      5.05
19970307      5.09
19970314      5.08
19970321      5.17
19970328      5.25
19970404      5.17
19970411      5.14
19970418      5.16
19970425      5.19
19970502      5.15
19970509      5.06
19970516      5.05
19970523      5.10
19970530      4.94
19970606      4.91
19970613      4.88
19970620      4.91
19970627      4.99
19970704      5.04
19970711      4.99
19970718      5.05
19970725      5.08
19970801      5.11
19970808      5.15
19970815      5.17
19970822      5.12
19970829      5.13
19970905      5.03
19970912      5.00
19970919      4.97
19970926      4.85
19971003      4.92
19971010      4.95
19971017      4.94
19971024      4.97
19971031      5.04
19971107      5.14
19971114      5.16
19971121      5.15
19971128      5.13
19971205      5.13
19971212      5.10
19971219      5.12
19971226      5.27
19980102      5.24
19980109      5.04
19980116      5.00
19980123      5.02
19980130      5.06
19980206      5.05
19980213      5.07
19980220      5.06
19980227      5.16
19980306      5.08
19980313      4.97
19980320      5.02
19980327      5.05
19980403      5.00
19980410      4.95
19980417      4.97
19980424      4.94
19980501      4.91
19980508      4.97
19980515      5.01
19980522      5.08
19980529      4.95
19980605      4.95
19980612      5.00
19980619      5.04
19980626      4.93
19980703      4.94
19980710      4.94
19980717      5.01
19980724      4.96
19980731      4.95
19980807      4.93
19980814      4.89
19980821      4.92
19980828      4.89
19980904      4.76
19980911      4.73
19980918      4.62
19980925      4.53
19981002      4.26
19981009      3.96
19981016      3.84
19981023      3.85
19981030      4.12
19981106      4.43
19981113      4.42
19981120      4.35
19981127      4.47
19981204      4.38
19981211      4.36
19981218      4.37
19981225      4.44
19990101      4.44
19990108      4.36
19990115      4.35
19990122      4.26
19990129      4.35
19990205      4.40
19990212      4.40
19990219      4.42
19990226      4.53
19990305      4.52
19990312      4.48
19990319      4.42
19990326      4.39
19990402      4.35
19990409      4.29
19990416      4.20
19990423      4.26
19990430      4.39
19990507      4.49
19990514      4.48
19990521      4.51
19990528      4.52
19990604      4.53
19990611      4.50
19990618      4.56
19990625      4.61
19990702      4.63
19990709      4.55
19990716      4.57
19990723      4.50
19990730      4.59
19990806      4.65
19990813      4.72
19990820      4.65
19990827      4.81
19990903      4.82
19990910      4.67
19990917      4.61
19990924      4.65
19991001      4.71
19991008      4.69
19991015      4.84
19991022      4.97
19991029      4.96
19991105      4.98
19991112      5.05
19991119      5.10
19991126      5.12
19991203      5.13
19991210      5.09
19991217      5.23
19991224      5.38
19991231      5.17
20000107      5.26
20000114      5.26
20000121      5.31
20000128      5.41
20000204      5.50
20000211      5.49
20000218      5.55
20000225      5.62
20000303      5.62
20000310      5.67
20000317      5.71
20000324      5.74
20000331      5.71
20000407      5.70
20000414      5.67
20000421      5.65
20000428      5.62
20000505      5.74
20000512      5.94
20000519      5.86
20000526      5.73
20000602      5.59
20000609      5.76
20000616      5.68
20000623      5.66
20000630      5.67
20000707      5.82
20000714      5.96
20000721      5.98
20000728      6.01
20000804      6.05
20000811      6.08
20000818      6.09
20000825      6.11
20000901      6.13
20000908      6.02
20000915      5.95
20000922      5.98
20000929      6.03
20001006      6.06
20001013      6.03
20001020      6.11
20001027      6.18
20001103      6.19
20001110      6.22
20001117      6.18
20001124      6.18
20001201      6.08
20001208      5.94
20001215      5.89
20001222      5.51
20001229      5.66
20010105      5.36
20010112      5.13
20010119      5.17
20010126      5.11
20010202      4.91
20010209      4.94
20010216      4.93
